1003 1444 1002 1444
1034 1263 1031 1262
1045 1488 1045 1487
1047 1381 1046 1382
1050 1706 1048 1706
1053 1481 1053 1480
1054 1390 1054 1390
1057 1487 1056 1486
1060 1429 1059 1429
1072 1373 1073 1372
1074 1822 1073 1822
1081 1666 1081 1666
1089 1575 1087 1574
1097 1583 1095 1585
1108 1534 1108 1533
1110 1420 1108 1420
1114 1710 1115 1710
1121 1507 1120 1506
1126 1698 1123 1701
1135 1428 1133 1430
1135 1535 1134 1535
1137 1818 1137 1817
1140 1707 1140 1707
1144 1845 1144 1845
1151 1547 1151 1546
1159 1649 1160 1649
1162 1575 1160 1574
1166 1844 1166 1845
1179 1666 1178 1666
1186 1540 1186 1540
1191 1475 1191 1475
1196 1927 1195 1926
1202 1540 1200 1539
1203 1979 1201 1979
1204 1219 1205 1219
1205 1221 1205 1219
1212 1363 1212 1363
1212 1823 1211 1823
1221 1573 1221 1573
1224 1187 1224 1189
1229 1564 1228 1564
1234 1125 1234 1125
1236 1076 1235 1075
1236 1094 1236 1093
1238 1323 1237 1322
1239 1215 1239 1215
1240 1023 1241 1022
1247 1056 1248 1055
1247 1241 1248 1240
1255 1039 1255 1038
1258 1020 1258 1019
1260 1539 1261 1540
1262 1084 1262 1082
1266 1749 1266 1749
1268 1857 1268 1859
1274 1042 1274 1041
1275 1557 1276 1557
1276 1034 1276 1034
1279 1055 1280 1054
1279 1159 1279 1158
1279 1801 1278 1801
1284 1561 1283 1562
1286 993 1286 992
1288 980 1288 979
1289 1164 1289 1163
1295 1108 1295 1107
1295 1457 1295 1458
1297 1112 1297 1111
1297 1133 1298 1132
1300 1483 1299 1483
1303 1468 1303 1467
1305 1542 1304 1541
1305 943 1305 943
1306 1002 1306 1002
1306 1011 1306 1010
1306 1488 1306 1488
1307 1867 1307 1868
1309 1406 1311 1406
1309 996 1310 996
1311 1073 1310 1073
1313 991 1313 990
1314 1770 1314 1770
1315 1399 1314 1399
1318 990 1318 990
1321 1086 1321 1085
1322 1160 1323 1157
1327 1024 1327 1023
1327 1083 1327 1081
1329 1073 1328 1072
1329 875 1329 875
1331 1092 1331 1092
1331 974 1332 973
1333 1007 1332 1007
1333 979 1334 978
1335 983 1335 982
1336 1071 1335 1070
1336 1517 1335 1516
1338 1859 1337 1860
1338 984 1338 984
1339 1060 1340 1059
1339 986 1340 985
1340 1627 1340 1626
1341 971 1341 971
1345 1109 1345 1109
1345 1533 1345 1531
1345 1635 1344 1635
1349 1064 1348 1063
1349 1457 1348 1458
1350 1641 1351 1641
1351 1544 1350 1544
1353 887 1353 887
1355 1322 1355 1322
1356 1532 1355 1532
1357 1519 1357 1518
1358 1027 1358 1030
1358 1376 1358 1376
1360 1287 1360 1287
1365 852 1364 852
1367 900 1367 899
1368 1232 1369 1229
1369 1401 1369 1401
1371 1545 1371 1544
1372 1115 1373 1115
1372 1454 1371 1455
1377 1413 1376 1413
1381 1444 1379 1443
1384 1562 1383 1563
1386 1452 1386 1451
1387 1557 1387 1557
1388 1219 1388 1218
1389 770 1390 769
1392 1033 1392 1032
1392 972 1392 971
1393 1721 1395 1720
1399 1032 1399 1031
1399 1036 1400 1036
1400 906 1400 905
1401 1024 1401 1023
1405 1604 1406 1603
1406 1434 1403 1435
1409 737 1410 738
1410 1583 1412 1583
1412 1073 1412 1072
1412 1282 1412 1281
1414 1119 1414 1119
1414 883 1414 883
1416 1288 1416 1288
1417 880 1417 880
1417 980 1417 979
1418 1219 1419 1218
1423 1215 1423 1215
1425 1476 1424 1477
1426 958 1425 957
1430 1607 1429 1607
1431 1025 1432 1023
1431 992 1426 992
1433 1024 1433 1023
1436 1239 1433 1240
1437 1123 1437 1122
1438 885 1438 884
1440 1016 1440 1015
1442 868 1442 867
1443 790 1443 789
1444 1646 1444 1646
1448 1250 1443 1249
1449 1864 1449 1864
1451 1033 1450 1032
1454 1013 1454 1011
1454 899 1454 898
1457 1009 1457 1008
1457 759 1456 758
1459 883 1459 883
1461 1457 1460 1457
1463 1048 1463 1047
1463 1556 1463 1555
1463 765 1461 762
1463 906 1463 906
1467 750 1467 750
1468 865 1468 865
1469 908 1469 907
1473 830 1472 831
1474 880 1475 878
1476 1165 1476 1165
1477 883 1477 882
1478 837 1478 836
1479 847 1478 846
1479 887 1478 886
1479 896 1479 895
1480 842 1479 841
1481 1078 1480 1077
1482 1340 1483 1340
1485 1578 1484 1578
1486 1644 1486 1644
1486 815 1486 815
1487 1533 1487 1532
1488 1076 1488 1075
1488 834 1488 833
1489 886 1489 886
1490 801 1489 799
1490 807 1490 806
1490 970 1490 970
1491 879 1491 878
1492 1567 1492 1567
1493 786 1493 785
1498 895 1497 894
1499 1786 1499 1786
1499 867 1499 867
1500 880 1500 879
1501 854 1500 854
1501 870 1501 870
1502 808 1502 807
1503 1801 1502 1802
1503 749 1503 748
1503 827 1502 827
1508 746 1508 745
1509 793 1509 792
1510 774 1510 773
1510 892 1511 891
1514 1708 1513 1708
1515 1646 1515 1647
1516 810 1518 807
1518 1840 1517 1840
1518 913 1518 912
1519 1135 1520 1134
1519 700 1519 700
1522 1892 1522 1891
1523 1699 1522 1699
1523 837 1523 836
1525 1815 1525 1814
1525 995 1525 994
1526 1021 1526 1020
1526 828 1526 827
1527 1181 1523 1181
1527 867 1527 867
1528 1052 1529 1050
1528 1190 1528 1190
1528 1310 1528 1309
1529 685 1529 684
1529 814 1529 813
1529 870 1529 869
1531 1564 1529 1564
1531 728 1530 727
1532 872 1532 871
1532 899 1532 898
1533 1128 1533 1127
1533 1655 1533 1656
1534 1293 1533 1293
1535 1634 1535 1634
1536 1190 1536 1190
1537 1703 1536 1704
1538 944 1538 943
1539 1217 1539 1216
1539 1237 1538 1236
1540 735 1540 735
1540 744 1540 743
1542 1827 1542 1829
1542 1894 1541 1894
1544 1215 1545 1214
1544 1836 1544 1837
1545 782 1545 782
1547 902 1548 901
1549 1260 1548 1260
1549 764 1549 763
1550 1640 1550 1641
1550 753 1550 753
1551 875 1551 875
1551 888 1552 888
1552 749 1552 748
1552 894 1552 894
1554 794 1554 794
1554 882 1554 881
1555 758 1555 757
1556 672 1556 671
1556 740 1556 739
1557 750 1557 749
1559 1150 1559 1150
1561 1457 1560 1457
1561 932 1561 932
1562 738 1562 737
1563 1589 1563 1588
1564 789 1565 788
1564 872 1564 871
1565 744 1565 744
1565 763 1564 762
1565 942 1565 941
1567 893 1567 892
1568 1451 1568 1450
1568 1596 1567 1596
1568 727 1568 726
1570 1994 1570 1994
1571 1021 1570 1020
1571 2015 1571 2014
1572 1580 1571 1580
1572 738 1572 737
1572 888 1572 888
1573 1208 1574 1207
1573 1379 1573 1379
1573 899 1574 899
1576 730 1576 729
1577 1021 1577 1020
1577 994 1577 994
1578 882 1578 881
1579 1332 1578 1332
1579 1389 1578 1389
1579 894 1580 893
1580 1593 1580 1593
1581 1049 1581 1048
1582 753 1581 752
1582 851 1581 851
1583 1027 1583 1026
1584 873 1584 872
1586 1096 1585 1096
1586 1240 1586 1239
1586 1580 1585 1580
1586 815 1586 814
1587 1629 1585 1630
1587 752 1587 751
1588 975 1588 974
1588 987 1588 986
1589 658 1590 657
1590 741 1590 741
1591 1028 1590 1027
1594 1569 1594 1569
1594 1654 1594 1654
1594 1985 1593 1986
1595 1224 1595 1223
1595 1398 1595 1397
1596 848 1596 847
1597 1036 1597 1035
1597 1205 1597 1204
1599 1391 1599 1390
1599 1419 1598 1420
1601 1170 1602 1169
1602 1212 1602 1211
1602 1218 1601 1217
1602 1277 1603 1277
1602 638 1602 637
1603 1136 1604 1135
1603 1633 1602 1633
1604 870 1604 870
1604 892 1604 891
1605 1118 1605 1117
1605 1380 1606 1380
1606 763 1606 762
1606 979 1605 979
1606 983 1606 982
1608 1135 1607 1135
1608 664 1608 664
1609 808 1610 808
1610 1892 1611 1892
1611 1115 1610 1114
1611 1124 1611 1124
1611 1555 1611 1554
1612 868 1612 867
1613 840 1615 839
1614 1137 1615 1136
1614 1384 1613 1384
1615 1669 1615 1669
1615 1908 1615 1908
1616 735 1616 734
1616 752 1616 751
1616 810 1615 809
1616 918 1616 918
1617 742 1617 741
1617 887 1615 887
1618 1220 1618 1220
1618 1372 1619 1371
1619 1846 1619 1847
1619 1862 1619 1861
1619 737 1619 736
1622 1538 1621 1538
1623 1457 1623 1457
1623 925 1620 926
1623 940 1623 939
1623 979 1623 978
1624 1376 1625 1375
1625 946 1625 946
1626 1806 1625 1807
1629 1850 1631 1848
1630 1362 1630 1361
1631 1678 1630 1678
1632 1260 1631 1259
1633 1103 1633 1102
1633 1454 1632 1454
1633 901 1633 902
1634 1131 1634 1129
1634 1303 1634 1303
1634 836 1634 835
1634 874 1634 873
1635 799 1635 798
1636 1287 1635 1287
1637 1835 1636 1836
1637 843 1637 842
1638 1053 1638 1053
1638 731 1638 731
1638 811 1637 811
1638 932 1638 931
1639 1389 1639 1389
1639 1760 1641 1759
1639 879 1639 878
1640 832 1639 831
1640 871 1639 871
1641 1446 1641 1446
1641 1555 1639 1554
1642 2010 1642 2010
1642 738 1641 738
1643 1787 1644 1787
1644 1267 1642 1267
1644 874 1643 874
1645 859 1645 859
1645 940 1645 939
1645 946 1645 945
1646 1291 1646 1291
1646 832 1646 831
1647 1371 1647 1370
1647 697 1646 696
1647 737 1646 736
1648 1253 1648 1252
1648 740 1648 740
1648 838 1648 838
1648 868 1648 867
1650 1018 1650 1018
1651 1042 1651 1041
1651 1796 1653 1796
1651 1826 1651 1826
1652 1078 1652 1077
1652 1429 1652 1429
1653 763 1653 762
1654 1482 1654 1481
1654 861 1655 860
1654 902 1654 901
1655 1217 1655 1216
1655 1381 1655 1381
1655 778 1656 777
1656 1050 1657 1049
1656 1062 1657 1061
1657 1031 1657 1030
1657 1054 1657 1053
1657 768 1657 768
1657 782 1657 781
1658 1131 1658 1131
1658 1407 1657 1407
1658 907 1658 905
1658 999 1658 998
1659 1367 1660 1367
1659 712 1659 710
1660 1010 1660 1009
1660 1212 1660 1211
1660 1540 1661 1540
1660 1807 1660 1807
1660 676 1660 675
1660 932 1659 932
1661 1004 1662 1003
1662 1064 1662 1063
1662 1553 1662 1553
1662 690 1661 688
1663 1102 1663 1101
1663 1701 1661 1701
1663 738 1664 738
1663 762 1663 761
1665 1174 1665 1173
1665 1346 1665 1346
1665 1604 1665 1604
1665 749 1665 748
1665 902 1665 901
1666 1216 1666 1215
1666 1492 1666 1492
1666 1751 1666 1750
1666 770 1666 770
1666 900 1667 899
1667 1274 1666 1274
1667 1285 1665 1284
1667 1484 1667 1484
1667 1985 1668 1985
1667 949 1667 948
1668 1070 1667 1070
1668 692 1667 692
1668 715 1668 714
1668 894 1667 893
1668 934 1669 933
1669 850 1670 849
1670 1585 1669 1585
1670 2003 1669 2003
1670 756 1670 755
1671 1301 1671 1301
1671 1315 1669 1315
1671 736 1670 735
1671 858 1671 857
1672 1038 1671 1038
1672 1340 1669 1339
1672 719 1672 718
1672 951 1672 951
1672 983 1672 983
1673 1376 1672 1376
1674 1570 1674 1570
1675 1307 1675 1306
1675 1329 1674 1329
1675 1349 1675 1349
1675 1742 1674 1740
1675 758 1675 757
1675 930 1675 929
1675 934 1674 933
1676 1576 1675 1576
1676 829 1676 828
1677 1343 1676 1343
1677 708 1677 708
1677 922 1678 922
1678 1059 1677 1058
1678 1459 1677 1459
1678 616 1678 615
1679 1368 1678 1368
1679 760 1679 759
1680 933 1680 933
1681 1020 1681 1019
1681 690 1681 688
1681 744 1681 743
1682 1037 1683 1035
1682 1346 1683 1345
1682 1561 1680 1560
1682 1621 1681 1622
1683 1003 1684 1002
1683 1327 1683 1327
1684 948 1684 948
1685 1007 1685 1006
1685 1673 1686 1672
1685 701 1685 701
1686 743 1686 743
1687 1637 1686 1636
1688 691 1688 690
1689 1381 1689 1380
1689 974 1688 973
1690 1027 1691 1026
1690 1179 1690 1178
1690 950 1690 949
1692 1628 1692 1627
1693 1069 1693 1069
1693 1658 1694 1658
1695 1085 1695 1084
1695 1431 1695 1430
1695 1547 1694 1548
1695 678 1695 677
1696 1349 1694 1350
1696 932 1696 932
1696 946 1697 946
1697 618 1697 617
1697 739 1697 738
1697 776 1696 775
1698 712 1698 711
1699 1603 1698 1603
1700 1767 1698 1767
1701 1577 1700 1577
1701 1669 1700 1669
1701 776 1701 775
1701 969 1701 969
1702 1563 1701 1562
1703 1598 1702 1599
1703 1636 1701 1635
1703 890 1702 890
1704 1621 1703 1621
1704 1988 1704 1988
1704 808 1704 807
1706 1887 1706 1887
1706 858 1705 858
1707 898 1706 899
1708 1533 1708 1532
1709 719 1709 718
1709 847 1709 846
1711 817 1711 816
1712 1051 1712 1050
1712 747 1712 746
1713 1391 1712 1391
1713 846 1713 845
1714 1013 1714 1013
1714 1199 1714 1199
1714 1548 1712 1547
1714 1876 1713 1877
1714 1893 1713 1893
1716 1848 1716 1848
1717 1349 1716 1348
1717 1358 1716 1357
1718 1309 1719 1309
1718 1802 1717 1802
1718 1821 1718 1822
1718 615 1717 614
1718 739 1717 738
1719 1354 1718 1353
1719 1378 1719 1377
1720 1531 1720 1532
1720 1799 1720 1799
1722 1210 1722 1209
1722 745 1722 744
1722 872 1721 872
1723 1926 1723 1926
1724 1906 1723 1906
1728 1095 1728 1094
1728 1159 1728 1159
1728 1200 1728 1200
1730 2009 1729 2009
1730 825 1729 825
1731 851 1731 850
1732 1095 1732 1094
1732 1298 1732 1297
1732 1731 1732 1731
1732 731 1731 731
1732 837 1732 837
1733 1206 1733 1204
1734 1379 1733 1379
1734 1668 1734 1667
1734 716 1734 715
1734 834 1734 833
1734 886 1734 886
1735 727 1735 726
1735 820 1736 820
1737 1387 1737 1387
1738 1945 1738 1944
1739 1796 1738 1796
1740 1276 1740 1275
1740 875 1740 874
1743 1776 1743 1775
1743 844 1743 843
1744 1357 1744 1357
1744 671 1745 670
1745 823 1746 821
1746 1649 1744 1649
1746 1785 1746 1784
1747 1779 1748 1778
1749 882 1750 881
1750 1380 1750 1380
1751 1559 1751 1558
1751 722 1751 722
1752 1000 1751 1000
1752 1206 1752 1206
1752 1366 1752 1365
1752 675 1753 674
1752 717 1752 716
1753 1649 1752 1648
1754 1201 1754 1201
1754 1676 1756 1675
1754 740 1754 740
1754 777 1754 776
1755 1089 1755 1089
1755 721 1754 720
1755 804 1754 803
1756 1129 1757 1128
1756 1389 1755 1390
1756 725 1756 725
1756 833 1756 832
1757 1215 1758 1214
1757 1696 1758 1695
1757 1789 1756 1789
1758 1092 1758 1091
1760 1359 1761 1358
1760 1622 1759 1622
1761 1509 1761 1509
1761 799 1762 798
1762 1630 1761 1631
1762 1769 1761 1769
1762 704 1762 703
1763 1739 1762 1739
1763 935 1762 934
1764 1214 1765 1213
1765 699 1765 698
1766 1992 1766 1991
1768 1358 1768 1357
1769 1805 1769 1807
1770 702 1770 701
1770 848 1770 847
1771 796 1772 795
1772 751 1772 750
1772 790 1772 789
1773 1660 1772 1662
1773 780 1774 779
1774 778 1774 778
1775 1533 1775 1533
1775 1824 1774 1824
1775 774 1775 773
1776 762 1776 761
1777 1744 1776 1743
1777 766 1778 765
1779 1586 1779 1587
1779 1608 1780 1607
1781 1213 1780 1213
1781 1730 1780 1730
1782 667 1781 668
1783 1169 1783 1169
1783 794 1783 793
1783 827 1784 827
1784 844 1784 844
1785 2016 1784 2017
1785 798 1785 797
1787 1552 1786 1552
1787 1579 1788 1579
1787 725 1788 724
1788 1376 1788 1376
1789 764 1788 763
1789 838 1789 837
1790 1161 1790 1160
1790 776 1790 777
1793 1064 1793 1063
1793 1566 1792 1567
1794 1396 1795 1396
1794 1468 1795 1467
1795 1086 1794 1086
1795 673 1795 672
1796 1038 1795 1037
1797 681 1797 680
1798 1536 1797 1536
1799 799 1799 799
1800 1367 1800 1366
1802 1377 1802 1376
1802 1550 1802 1550
1802 940 1802 940
1803 741 1803 740
1803 744 1803 743
1804 736 1805 735
1805 726 1804 725
1806 1221 1806 1220
1806 767 1808 767
1806 783 1806 782
1807 944 1807 943
1809 1215 1809 1214
1809 1871 1809 1870
1810 1550 1809 1550
1810 760 1811 759
1811 1222 1811 1222
1811 871 1811 871
1814 792 1814 792
1815 1580 1814 1579
1815 959 1814 958
1816 1556 1816 1556
1817 1160 1817 1159
1817 623 1817 622
1819 1545 1818 1545
1819 793 1819 793
1820 1391 1819 1392
1821 1534 1821 1534
1821 1551 1820 1551
1822 1103 1822 1103
1822 1210 1822 1209
1824 1022 1823 1021
1824 1924 1824 1925
1825 1483 1825 1483
1825 1521 1825 1521
1825 1681 1828 1681
1826 1063 1826 1062
1826 2008 1826 2007
1827 1195 1827 1195
1827 1203 1828 1202
1828 1048 1828 1048
1829 1210 1829 1210
1829 1552 1828 1551
1829 1940 1830 1940
1830 1539 1830 1536
1832 734 1832 733
1833 1897 1833 1896
1833 794 1833 794
1835 1561 1840 1558
1835 804 1835 804
1836 1886 1835 1885
1837 1052 1837 1052
1838 1352 1837 1352
1839 1279 1839 1279
1839 968 1839 967
1841 1484 1840 1484
1841 1776 1841 1776
1841 1945 1842 1945
1842 1975 1840 1975
1843 1400 1843 1400
1843 928 1843 928
1844 1063 1844 1062
1844 1470 1843 1469
1844 702 1844 701
1844 786 1845 785
1846 1105 1845 1104
1846 1218 1845 1217
1846 1914 1845 1913
1846 640 1846 640
1847 1931 1846 1931
1849 1792 1849 1792
1850 1061 1850 1060
1851 1002 1851 1000
1851 1895 1851 1894
1853 1399 1852 1397
1853 1695 1853 1694
1853 1945 1852 1944
1854 1279 1855 1279
1854 722 1854 721
1855 1733 1855 1733
1856 1992 1855 1993
1857 1013 1856 1013
1857 1073 1858 1072
1857 1821 1857 1820
1858 1024 1858 1024
1858 1602 1858 1602
1858 611 1858 610
1859 940 1859 940
1860 802 1861 802
1860 808 1860 807
1861 1333 1860 1332
1861 690 1861 688
1862 1102 1862 1101
1862 797 1862 796
1863 1177 1863 1175
1864 898 1863 897
1865 1429 1863 1430
1865 1675 1865 1677
1866 1025 1866 1025
1866 1083 1867 1081
1867 667 1867 667
1869 1609 1868 1609
1871 1387 1871 1386
1872 1365 1871 1365
1872 1478 1870 1477
1873 795 1873 794
1874 1376 1873 1377
1874 1682 1874 1681
1874 1884 1873 1884
1875 1191 1875 1192
1879 1439 1878 1438
1879 669 1879 669
1882 1700 1880 1699
1883 1103 1883 1102
1883 1699 1880 1699
1884 678 1884 677
1885 1885 1884 1885
1886 1868 1885 1869
1887 674 1888 674
1889 1211 1889 1210
1890 1319 1890 1319
1891 1081 1891 1080
1891 1687 1890 1687
1891 2022 1891 2022
1892 666 1892 666
1893 1487 1893 1487
1893 1708 1893 1708
1894 1973 1893 1972
1895 1895 1894 1894
1897 1527 1899 1528
1897 1939 1898 1939
1898 1005 1899 1003
1898 1077 1898 1076
1899 1606 1898 1605
1901 1932 1900 1932
1902 1200 1901 1198
1902 1465 1902 1464
1903 1050 1903 1050
1904 1944 1904 1943
1905 1714 1905 1714
1905 1956 1905 1955
1906 1763 1906 1763
1906 1842 1906 1841
1907 1030 1907 1030
1907 1217 1907 1217
1908 1784 1907 1784
1908 1793 1907 1793
1908 1991 1908 1991
1910 1010 1910 1009
1910 1400 1906 1398
1910 608 1910 607
1910 946 1909 945
1911 1022 1911 1021
1914 1494 1914 1493
1915 1256 1914 1256
1915 1604 1913 1604
1915 1724 1915 1724
1916 1536 1916 1536
1917 1320 1916 1321
1919 836 1919 836
1919 970 1920 969
1920 1030 1920 1029
1920 1070 1919 1069
1920 1266 1921 1266
1920 791 1919 794
1921 1485 1920 1485
1921 1756 1921 1756
1922 1903 1922 1903
1922 1966 1922 1966
1922 1983 1922 1983
1925 1025 1925 1024
1925 2008 1924 2008
1925 666 1925 665
1926 1327 1925 1327
1926 745 1927 744
1927 1472 1926 1471
1927 1531 1927 1531
1927 1575 1926 1575
1928 1541 1928 1540
1929 2021 1928 2021
1930 1006 1930 1006
1930 1349 1930 1349
1930 1537 1930 1537
1931 1583 1932 1583
1931 1883 1930 1883
1932 1042 1932 1042
1932 1094 1931 1093
1933 1062 1933 1061
1933 1754 1933 1754
1933 916 1933 915
1934 1748 1934 1747
1935 1727 1935 1728
1935 1965 1933 1967
1935 702 1935 701
1935 920 1936 918
1936 1495 1936 1495
1941 1369 1941 1369
1941 1539 1941 1539
1941 1842 1942 1842
1942 1117 1941 1117
1943 1537 1944 1536
1948 837 1948 836
1949 1782 1949 1782
1949 960 1949 959
1950 1722 1949 1722
1950 1859 1950 1858
1951 1095 1951 1095
1952 1214 1953 1213
1952 1940 1952 1939
1952 952 1952 952
1955 1392 1955 1391
1956 1023 1957 1022
1956 1712 1955 1712
1956 1869 1956 1869
1958 1541 1958 1540
1958 1670 1958 1670
1958 836 1957 835
1959 1331 1959 1331
1959 1902 1959 1902
1959 1914 1957 1914
1960 1268 1958 1268
1960 1844 1959 1845
1961 1930 1961 1930
1961 796 1960 794
1963 1312 1963 1312
1964 1404 1964 1404
1965 1154 1967 1155
1966 1008 1967 1006
1966 1136 1967 1135
1966 1834 1966 1834
1966 805 1966 804
1967 777 1968 776
1969 1914 1968 1913
1969 807 1969 806
1971 1673 1971 1675
1971 1903 1970 1904
1971 2006 1971 2010
1971 881 1971 881
1971 886 1971 885
1972 1384 1971 1383
1973 1368 1976 1367
1973 1687 1971 1687
1973 1990 1972 1990
1975 1107 1974 1108
1976 1304 1976 1303
1976 1465 1976 1464
1976 1511 1976 1511
1976 1966 1975 1965
1976 845 1976 843
1977 865 1978 864
1978 1804 1977 1803
1978 940 1978 942
1979 1578 1980 1577
1981 1420 1981 1420
1981 1646 1980 1647
1982 1656 1982 1656
1983 1084 1982 1083
1983 1683 1983 1682
1984 1439 1984 1440
1984 786 1984 786
1984 836 1984 836
1985 1041 1986 1040
1986 1384 1986 1384
1987 1940 1987 1940
1987 2029 1987 2028
1989 803 1990 802
1989 901 1989 900
1990 1305 1990 1304
1990 1924 1989 1924
1992 1219 1993 1218
1993 1932 1993 1931
1994 1372 1994 1372
1994 1848 1994 1848
1994 938 1994 937
1996 931 1996 930
1997 1854 1997 1854
1997 884 1997 883
1999 1540 2001 1540
1999 1592 2001 1591
2000 1845 2000 1845
2001 878 2001 878
2001 942 2002 942
2002 1929 2002 1928
2002 861 2002 860
2003 1032 2003 1031
2003 723 2003 723
2003 823 2003 823
2005 966 2005 965
2006 926 2006 925
2007 724 2007 724
2008 1181 2007 1179
2009 1870 2008 1871
2010 743 2008 743
2010 947 2010 946
2011 1819 2007 1820
2012 1091 2012 1090
2012 728 2012 727
2014 812 2013 811
2015 1857 2015 1857
2015 1860 2015 1860
2015 761 2015 761
2015 886 2016 885
2016 1619 2016 1620
2016 1968 2016 1968
2016 2000 2015 2000
2017 1955 2017 1953
2017 967 2017 966
2018 1254 2017 1253
2018 1895 2020 1892
2020 1445 2020 1445
2020 1942 2019 1942
2021 1578 2020 1578
2021 781 2021 781
2021 823 2021 823
2022 844 2023 842
2023 1974 2022 1974
2024 1356 2024 1356
2025 1460 2024 1460
2025 1547 2024 1547
2026 1490 2025 1490
2027 1017 2027 1016
2029 2000 2029 1999
2030 1563 2030 1563
2031 1009 2031 1008
2032 1001 2032 1000
2034 1670 2034 1670
2035 1079 2035 1078
2035 822 2035 821
2035 831 2036 830
2037 1598 2038 1598
2038 1410 2038 1409
2039 1011 2040 1011
2039 1762 2038 1762
2039 899 2040 898
2040 992 2040 991
2041 1408 2042 1408
2041 1748 2039 1749
2042 1999 2043 1999
2043 837 2043 835
2044 1898 2040 1896
2044 2018 2044 2020
2044 880 2043 880
2044 984 2044 983
2045 1628 2045 1628
2045 1744 2045 1744
2045 791 2047 788
2045 884 2044 884
2046 1731 2046 1731
2046 833 2046 832
2047 1021 2046 1020
2050 822 2050 821
2052 1726 2052 1727
2052 825 2051 824
2052 947 2052 947
2053 1020 2053 1019
2053 1713 2052 1713
2053 1904 2052 1904
2053 988 2053 987
2054 853 2054 852
2055 1064 2057 1063
2055 1587 2054 1587
2055 1703 2054 1703
2055 1730 2055 1730
2056 1011 2057 1010
2057 1381 2056 1380
2057 830 2057 830
2058 835 2058 835
2059 1323 2059 1323
2059 1341 2059 1341
2060 1373 2060 1372
2060 675 2060 675
2060 826 2061 825
2061 1378 2061 1377
2061 889 2061 887
2062 1306 2061 1304
2062 1348 2060 1347
2062 1365 2062 1365
2062 872 2062 872
2063 1359 2064 1359
2063 1375 2062 1374
2064 1060 2064 1060
2065 1223 2066 1223
2065 1399 2065 1399
2065 1954 2065 1953
2066 1604 2066 1603
2066 807 2066 806
2067 1355 2067 1354
2067 1415 2067 1415
2067 1932 2066 1934
2068 1463 2068 1463
2068 1725 2067 1724
2069 1381 2069 1381
2069 1435 2068 1436
2070 1032 2071 1031
2070 1473 2070 1473
2070 769 2070 768
2070 775 2070 775
2071 1657 2071 1656
2071 758 2072 759
2072 1103 2073 1103
2073 1043 2073 1042
2073 1480 2074 1479
2073 1677 2072 1677
2075 1035 2075 1034
2075 1738 2075 1737
2076 1377 2076 1377
2076 1599 2075 1599
2077 1401 2078 1401
2077 1782 2078 1783
2078 1474 2078 1474
2078 805 2078 804
2078 874 2078 873
2080 1381 2078 1382
2082 1703 2081 1704
2082 1731 2082 1731
2082 1745 2082 1745
2082 1757 2081 1756
2083 815 2084 813
2085 1612 2084 1611
2086 1665 2086 1664
2087 1464 2087 1464
2087 1498 2088 1498
2088 1066 2088 1065
2088 1329 2088 1329
2088 1554 2088 1553
2088 811 2088 810
2089 1053 2089 1053
2091 1376 2091 1375
2091 869 2092 867
2092 1027 2093 1026
2093 821 2093 820
2094 1136 2093 1136
2094 1253 2095 1252
2094 1367 2094 1367
2094 942 2094 941
2096 837 2095 836
2097 1418 2098 1416
2097 1550 2097 1549
2098 1372 2096 1372
2098 945 2098 944
2099 986 2099 985
2100 981 2101 981
2101 1351 2101 1350
2101 884 2101 883
2101 948 2101 947
2102 1377 2102 1377
2103 1361 2103 1360
2103 1392 2103 1391
2103 969 2103 968
2104 1366 2103 1366
2105 1139 2106 1138
2105 1627 2104 1628
2105 1800 2104 1800
2106 1859 2106 1859
2106 800 2106 800
2108 844 2109 843
2110 1517 2109 1517
2110 925 2110 924
2111 1141 2111 1140
2111 1295 2112 1294
2113 1591 2113 1591
2113 1783 2114 1784
2114 1075 2114 1074
2115 1512 2115 1512
2115 1773 2115 1773
2116 862 2116 861
2117 1503 2117 1504
2117 824 2117 823
2118 1602 2117 1601
2118 1858 2118 1859
2119 1311 2119 1311
2120 1332 2119 1330
2120 826 2120 825
2120 856 2120 854
2120 946 2119 946
2121 1108 2122 1108
2121 1537 2121 1538
2121 869 2120 868
2123 1549 2123 1548
2123 950 2124 950
2125 1582 2125 1582
2125 1611 2125 1612
2126 1482 2125 1482
2127 1792 2125 1792
2127 686 2128 685
2129 1108 2128 1108
2129 1649 2130 1648
2130 1326 2130 1325
2130 1946 2130 1946
2131 1859 2132 1859
2132 1336 2132 1335
2133 659 2133 658
2134 1076 2134 1074
2134 869 2134 868
2136 857 2135 856
2137 1460 2137 1461
2138 1852 2139 1851
2139 1453 2139 1453
2140 1466 2139 1467
2140 1946 2138 1946
2140 868 2140 868
2141 837 2142 835
2141 944 2142 943
2142 1677 2141 1676
2143 1642 2142 1642
2144 1328 2142 1328
2144 1856 2143 1855
2144 689 2144 687
2144 862 2144 861
2147 1032 2147 1031
2147 1568 2146 1568
2148 1464 2147 1464
2148 1668 2148 1667
2149 1398 2149 1397
2150 1027 2150 1027
2151 1202 2151 1201
2152 1181 2153 1180
2152 864 2151 865
2153 1387 2153 1386
2153 1868 2149 1868
2154 1526 2154 1526
2154 901 2155 900
2157 937 2157 936
2159 1374 2159 1373
2159 842 2160 843
2160 861 2159 860
2161 1199 2162 1199
2161 858 2161 857
2161 865 2161 864
2162 1561 2162 1561
2162 1701 2162 1701
2162 766 2162 765
2163 1419 2163 1418
2163 2006 2164 2006
2164 1020 2163 1019
2164 923 2163 923
2165 1007 2165 1005
2165 1421 2166 1420
2165 1676 2163 1677
2166 856 2165 856
2167 851 2167 851
2167 879 2167 878
2168 1968 2169 1968
2169 1513 2168 1512
2169 1975 2169 1975
2170 675 2170 675
2171 868 2172 867
2172 1192 2172 1190
2172 2023 2168 2025
2173 842 2173 842
2175 1785 2174 1785
2175 920 2175 919
2177 1707 2177 1707
2177 888 2177 887
2178 1869 2176 1869
2178 1973 2178 1973
2178 843 2178 842
2183 1016 2183 1015
2183 1991 2182 1991
2185 1953 2185 1953
2187 1141 2187 1140
2187 1335 2187 1335
2187 1350 2187 1348
2188 1793 2188 1793
2189 1379 2190 1379
2189 1892 2188 1891
2190 931 2189 931
2191 1062 2192 1061
2192 1578 2191 1577
2192 1994 2192 1993
2193 1374 2193 1373
2194 1404 2195 1404
2194 1690 2194 1689
2194 863 2194 862
2195 1024 2195 1024
2195 1706 2193 1707
2196 1979 2195 1979
2198 1019 2199 1018
2198 1032 2198 1031
2199 1399 2199 1398
2199 1715 2198 1716
2200 1011 2200 1010
2200 1079 2200 1078
2200 1783 2200 1782
2201 1856 2201 1856
2202 1252 2202 1251
2203 1362 2202 1362
2204 933 2205 933
2205 1600 2204 1600
2205 759 2206 757
2206 1018 2207 1017
2206 1314 2205 1313
2206 1336 2207 1336
2207 1185 2207 1184
2207 1984 2207 1984
2208 1990 2208 1989
2209 1723 2209 1722
2209 844 2209 844
2210 951 2210 950
2211 1020 2211 1019
2211 1714 2212 1714
2212 1265 2214 1265
2212 1399 2212 1399
2214 1996 2215 1995
2214 689 2215 688
2214 976 2216 972
2215 1975 2213 1975
2217 1201 2217 1200
2218 1192 2218 1192
2218 1385 2220 1384
2218 698 2218 698
2219 1196 2219 1195
2219 1404 2218 1404
2220 1763 2221 1763
2221 1201 2221 1200
2221 830 2221 829
2222 1195 2223 1194
2223 1039 2223 1039
2224 1192 2223 1191
2225 1370 2225 1370
2225 758 2225 757
2227 1882 2228 1884
2227 1913 2227 1913
2227 935 2227 934
2228 1392 2228 1392
2229 1613 2230 1613
2229 1627 2230 1626
2229 616 2230 615
2230 1197 2230 1196
2231 789 2231 788
2232 1264 2233 1264
2233 1195 2233 1195
2233 1817 2229 1818
2234 1024 2234 1024
2234 1064 2235 1063
2234 1399 2234 1397
2235 1782 2235 1782
2235 795 2234 793
2237 1837 2237 1837
2238 1507 2238 1506
2239 1595 2239 1594
2241 1381 2242 1380
2241 922 2241 922
2242 1912 2242 1912
2242 846 2242 846
2243 1999 2242 1998
2244 1412 2245 1411
2244 2013 2245 2009
2245 1407 2244 1407
2245 999 2246 998
2247 1147 2247 1145
2248 715 2248 715
2249 1837 2247 1836
2249 1910 2249 1910
2250 1998 2250 1999
2251 1381 2251 1380
2251 1506 2251 1506
2251 1853 2250 1852
2252 1290 2253 1290
2252 1560 2252 1559
2253 1050 2253 1050
2254 864 2254 863
2255 1371 2256 1371
2255 1399 2255 1398
2258 841 2258 840
2259 1762 2259 1762
2259 1853 2258 1852
2260 1413 2259 1413
2260 1624 2260 1623
2260 1863 2260 1863
2261 830 2261 830
2266 1376 2266 1376
2269 1868 2268 1867
2270 1163 2270 1163
2272 1859 2272 1859
2273 1330 2273 1329
2273 1489 2274 1488
2275 1339 2274 1338
2276 2027 2277 2027
2279 1199 2280 1199
2280 1852 2280 1852
2280 2016 2280 2015
2281 1144 2283 1142
2281 1816 2281 1818
2281 1869 2281 1868
2282 1904 2282 1905
2282 926 2282 926
2283 1638 2283 1639
2283 1780 2283 1780
2284 1385 2285 1384
2284 1411 2284 1410
2284 1657 2284 1656
2285 1483 2285 1482
2285 2004 2283 2005
2287 1923 2286 1924
2288 1914 2287 1914
2289 1184 2289 1183
2289 778 2289 777
2290 1489 2290 1488
2293 1067 2292 1065
2293 1456 2292 1456
2294 1025 2294 1024
2295 1064 2295 1063
2295 1495 2296 1494
2295 911 2295 910
2297 917 2297 916
2299 1310 2299 1310
2300 1296 2300 1296
2300 819 2301 818
2302 1506 2302 1505
2303 1315 2304 1315
2304 1123 2304 1122
2304 1304 2304 1303
2304 1991 2303 1991
2306 797 2306 796
2307 1354 2308 1353
2307 1489 2307 1488
2308 1296 2307 1296
2308 1411 2308 1410
2309 1286 2308 1287
2310 1328 2310 1327
2311 1335 2310 1334
2312 1038 2312 1037
2312 744 2312 743
2315 993 2316 993
2316 1461 2315 1461
2317 1440 2317 1439
2317 1595 2314 1596
2318 1231 2317 1230
2318 1400 2318 1399
2318 1457 2317 1457
2319 1113 2319 1113
2319 1700 2319 1700
2319 1714 2319 1714
2320 1031 2321 1030
2320 1411 2320 1411
2320 982 2320 981
2321 1647 2320 1646
2322 1078 2322 1078
2322 1192 2321 1191
2322 697 2322 695
2324 1358 2324 1358
2324 947 2324 946
2325 1042 2326 1041
2325 810 2325 810
2326 1530 2326 1530
2327 1030 2327 1030
2327 1106 2327 1106
2327 1364 2327 1364
2327 1582 2326 1581
2327 992 2327 991
2328 1570 2328 1570
2328 716 2328 716
2328 987 2328 986
2330 1104 2330 1103
2331 1590 2332 1590
2331 704 2332 703
2332 962 2332 961
2332 983 2332 982
2333 947 2333 946
2334 1027 2334 1027
2335 1516 2335 1516
2336 1582 2336 1581
2336 979 2336 978
2337 1085 2338 1084
2337 1090 2338 1089
2341 714 2342 713
2342 966 2342 965
2343 1379 2343 1379
2343 1400 2343 1400
2344 1554 2344 1554
2345 1290 2345 1290
2347 1673 2347 1673
2347 1683 2348 1683
2348 1589 2349 1589
2349 2003 2350 2002
2350 973 2350 972
2351 1699 2350 1699
2352 819 2352 818
2353 1266 2352 1265
2354 1171 2355 1170
2354 1458 2354 1457
2355 1417 2355 1416
2355 943 2355 942
2356 1142 2359 1140
2356 1464 2356 1463
2356 863 2357 862
2357 1018 2356 1018
2357 1987 2358 1987
2357 967 2358 966
2361 1446 2361 1446
2362 1566 2362 1565
2363 1347 2362 1347
2363 1452 2364 1452
2363 949 2363 948
2364 1784 2364 1784
2365 1460 2366 1460
2365 1507 2364 1507
2366 1457 2367 1456
2369 1576 2369 1576
2369 952 2369 952
2370 1174 2370 1173
2371 1322 2372 1321
2371 1354 2371 1353
2372 778 2372 777
2373 1412 2372 1412
2375 1296 2375 1295
2376 1287 2376 1286
2376 1330 2377 1329
2376 1508 2377 1507
2377 741 2377 740
2378 1515 2377 1515
2380 1096 2381 1095
2381 1286 2381 1285
2381 1336 2381 1335
2381 1624 2382 1623
2382 1353 2382 1353
2385 1451 2386 1451
2385 1690 2385 1690
2386 1323 2386 1322
2386 1431 2385 1430
2386 1738 2385 1738
2387 704 2387 703
2388 1359 2389 1359
2388 710 2388 709
2389 1339 2390 1338
2389 1514 2388 1514
2390 1314 2390 1313
2390 1441 2390 1441
2391 1108 2391 1108
2393 1520 2392 1520
2394 914 2394 914
2395 1452 2396 1452
2396 1125 2395 1124
2396 1546 2397 1546
2397 1139 2398 1138
2397 1257 2397 1256
2397 990 2397 988
2398 1338 2397 1338
2398 994 2399 993
2399 1090 2399 1089
2399 1239 2397 1236
2400 936 2400 934
2403 1258 2403 1257
2405 1447 2405 1446
2405 953 2405 953
2407 1508 2408 1507
2407 1674 2407 1674
2407 1799 2406 1798
2408 1096 2408 1095
2408 1366 2407 1365
2410 816 2410 816
2411 1354 2413 1353
2411 1381 2412 1380
2412 1683 2411 1682
2412 1996 2412 1996
2412 933 2412 933
2412 973 2412 973
2413 994 2412 994
2414 864 2415 863
2415 1390 2415 1390
2415 1803 2415 1802
2416 735 2416 735
2416 902 2415 901
2417 1452 2416 1452
2417 1694 2416 1694
2418 980 2418 980
2419 1359 2419 1359
2420 1366 2420 1365
2422 1683 2422 1683
2422 1968 2422 1968
2426 1369 2426 1368
2427 1394 2427 1393
2428 1311 2429 1310
2428 1375 2428 1375
2428 1988 2427 1988
2430 1996 2430 1996
2431 1296 2430 1296
2431 752 2432 752
2432 1291 2432 1291
2432 833 2431 832
2432 865 2431 865
2433 1099 2433 1099
2433 1380 2433 1380
2433 1613 2433 1614
2436 1682 2435 1682
2436 1807 2437 1807
2438 1602 2438 1601
2439 1324 2438 1324
2440 1393 2440 1393
2441 1301 2441 1301
2441 1589 2441 1590
2441 935 2441 934
2444 1296 2444 1296
2444 1856 2441 1858
2445 1659 2444 1659
2445 764 2445 763
2446 1333 2445 1333
2448 1844 2447 1843
2448 907 2448 906
2449 1319 2449 1319
2451 1850 2452 1849
2451 737 2452 735
2451 950 2450 949
2452 1089 2452 1088
2452 1872 2452 1873
2453 1105 2453 1104
2453 1192 2454 1192
2453 1327 2452 1327
2453 1396 2451 1394
2456 1038 2457 1037
2456 1303 2456 1302
2460 1675 2460 1675
2460 763 2460 762
2462 1306 2463 1305
2463 717 2463 717
2465 1335 2465 1335
2465 1710 2465 1709
2466 1877 2465 1878
2468 725 2469 724
2470 1860 2470 1860
2471 1509 2471 1508
2473 1099 2473 1099
2473 1564 2473 1564
2473 1743 2473 1746
2475 1244 2476 1243
2476 1405 2476 1405
2477 1393 2477 1392
2477 1852 2477 1852
2478 1117 2479 1116
2478 1796 2478 1796
2479 1305 2478 1308
2479 1410 2479 1410
2479 1832 2480 1833
2480 1521 2480 1521
2481 1133 2482 1131
2482 1179 2483 1179
2482 967 2482 967
2483 1386 2483 1386
2484 1009 2484 1008
2490 1037 2490 1034
2490 1564 2490 1564
2491 1653 2491 1653
2493 1092 2494 1091
2495 954 2495 953
2496 1274 2492 1274
2497 1583 2496 1583
2497 1798 2497 1797
2498 1549 2498 1548
2498 1625 2498 1624
2498 773 2498 772
2499 1783 2499 1782
2499 1790 2498 1790
2501 1100 2501 1099
2501 1654 2501 1653
2505 697 2505 697
2506 1551 2507 1551
2506 821 2506 820
2507 934 2507 933
2508 930 2508 930
2509 1314 2509 1313
2509 1316 2511 1315
2511 1554 2511 1554
2511 1788 2511 1788
2513 1322 2512 1321
2514 1065 2513 1064
2514 2004 2513 2003
2515 1565 2514 1565
2515 2012 2516 2012
2516 1573 2515 1574
2517 1255 2518 1252
2517 1803 2517 1803
2517 728 2518 727
2518 1326 2518 1325
2520 1396 2520 1395
2520 733 2520 732
2520 746 2521 745
2521 1998 2520 1997
2523 1087 2524 1086
2524 1036 2525 1033
2531 1154 2531 1154
2534 1728 2534 1728
2537 1095 2538 1094
2537 1164 2536 1164
2537 1314 2536 1313
2538 1535 2538 1534
2539 1394 2540 1393
2539 1541 2538 1540
2540 1729 2539 1728
2540 1906 2540 1906
2540 940 2540 940
2541 1615 2541 1616
2541 2029 2542 2029
2543 1072 2543 1071
2545 1054 2544 1053
2545 1413 2545 1413
2545 1734 2545 1734
2546 1082 2547 1081
2546 740 2547 738
2547 1541 2547 1539
2547 1845 2548 1844
2548 1057 2549 1056
2549 1078 2550 1077
2551 1305 2551 1305
2551 1524 2549 1526
2553 1490 2553 1489
2554 1057 2554 1056
2555 1111 2555 1110
2555 1611 2554 1609
2556 1064 2556 1064
2556 1407 2554 1407
2557 1092 2557 1090
2558 1622 2558 1622
2559 1401 2560 1400
2559 1894 2559 1894
2560 1659 2558 1660
2561 1956 2560 1957
2562 1062 2562 1061
2562 1073 2562 1072
2562 1941 2562 1940
2564 1287 2564 1286
2564 897 2564 896
2565 1117 2565 1117
2566 1086 2566 1085
2566 1146 2566 1146
2566 1294 2566 1293
2566 1930 2566 1930
2567 1114 2567 1113
2568 2030 2566 2030
2570 1081 2570 1081
2572 1641 2571 1641
2572 1731 2572 1730
2573 1199 2574 1198
2578 1353 2579 1353
2579 1358 2580 1358
2580 1363 2579 1363
2580 1697 2580 1697
2580 1917 2581 1916
2581 1393 2581 1393
2581 1587 2581 1586
2581 881 2581 880
2583 1064 2583 1063
2584 1522 2584 1523
2586 1364 2585 1364
2587 1337 2587 1337
2588 1265 2587 1265
2588 1588 2588 1588
2588 825 2588 826
2589 1074 2589 1073
2589 1435 2587 1434
2591 1598 2592 1598
2592 837 2592 837
2594 1442 2594 1442
2598 1278 2597 1275
2600 991 2600 990
2603 1323 2603 1322
2604 1732 2604 1732
2604 878 2604 878
2604 961 2604 961
2605 1606 2605 1605
2605 1678 2604 1677
2606 1053 2605 1052
2606 2009 2605 2009
2607 1340 2607 1339
2607 965 2607 964
2609 1354 2609 1353
2610 1613 2609 1612
2612 740 2612 739
2613 1422 2612 1422
2615 1733 2616 1732
2615 1874 2616 1873
2617 1684 2617 1684
2617 1857 2618 1857
2617 1882 2616 1882
2619 1366 2620 1365
2622 1861 2621 1861
2623 1050 2623 1050
2623 1648 2624 1649
2627 1419 2627 1419
2628 1414 2629 1416
2629 1036 2629 1035
2632 1412 2632 1411
2634 1705 2635 1704
2635 1303 2636 1303
2635 1356 2635 1355
2636 1578 2635 1577
2636 1685 2637 1685
2638 1507 2638 1507
2638 1631 2638 1630
2638 794 2637 793
2638 812 2637 810
2640 1401 2640 1401
2641 1692 2640 1692
2642 1318 2642 1317
2644 1429 2644 1428
2645 1392 2645 1392
2645 803 2644 802
2646 1323 2645 1322
2647 1590 2648 1590
2648 1330 2648 1329
2650 1345 2649 1345
2654 1252 2654 1252
2654 1307 2654 1307
2655 1990 2656 1990
2656 1579 2657 1578
2659 1205 2660 1205
2659 1554 2659 1554
2661 1199 2660 1199
2662 1052 2662 1052
2663 1033 2663 1032
2663 1299 2663 1298
2665 1303 2664 1303
2665 1692 2664 1691
2666 1324 2666 1324
2666 1411 2666 1411
2667 1265 2667 1265
2668 1417 2668 1417
2670 1967 2670 1967
2672 762 2672 761
2673 1479 2673 1479
2675 1485 2675 1484
2675 784 2674 783
2679 1494 2679 1493
2680 1356 2682 1355
2681 1418 2682 1418
2681 1627 2679 1627
2681 1940 2682 1940
2682 1348 2682 1348
2683 1492 2683 1491
2683 1592 2683 1592
2684 1995 2683 1995
2685 1636 2686 1636
2686 1360 2686 1360
2690 1757 2691 1757
2691 1336 2691 1335
2694 1733 2698 1734
2695 1018 2695 1017
2695 1417 2695 1416
2696 1366 2697 1365
2696 1653 2696 1651
2698 1928 2699 1929
2699 1839 2698 1839
2700 1318 2700 1317
2700 1889 2699 1889
2703 1359 2703 1359
2708 1423 2709 1422
2708 1456 2708 1456
2708 1961 2708 1962
2709 1660 2707 1660
2712 1734 2711 1733
2712 1745 2712 1744
2712 1884 2712 1884
2713 1907 2712 1906
2714 1443 2714 1442
2717 1915 2717 1915
2718 1445 2719 1445
2718 1931 2716 1933
2719 1350 2719 1350
2719 1460 2719 1459
2720 1243 2720 1241
2720 1870 2720 1870
2721 2032 2721 2032
2722 1742 2723 1739
2723 1433 2722 1433
2723 1690 2723 1690
2724 1290 2724 1289
2724 1447 2724 1448
2725 1408 2725 1408
2725 1482 2725 1480
2725 1763 2725 1762
2725 1917 2725 1917
2726 1763 2725 1762
2726 1846 2727 1846
2728 899 2727 899
2729 1492 2729 1491
2729 1678 2729 1678
2729 1908 2728 1908
2729 2004 2729 2004
2732 1272 2732 1270
2732 1324 2731 1323
2732 1846 2731 1845
2733 1696 2733 1697
2733 1746 2732 1746
2734 1409 2735 1408
2734 1510 2734 1511
2734 1767 2735 1765
2734 1841 2734 1841
2735 1276 2734 1275
2736 1820 2735 1819
2737 1420 2737 1420
2737 1455 2736 1455
2737 1896 2736 1896
2739 1681 2738 1683
2740 1845 2739 1847
2741 1547 2741 1547
2742 1774 2741 1774
2744 1880 2744 1880
2745 1757 2745 1757
2747 1498 2747 1497
2748 1433 2744 1432
2748 1806 2747 1806
2751 1568 2750 1568
2752 1503 2751 1502
2753 1410 2753 1409
2753 1820 2751 1822
2756 1592 2756 1592
2757 1795 2758 1795
2758 1604 2758 1603
2758 1635 2758 1634
2758 1833 2757 1834
2764 1435 2763 1434
2768 1295 2768 1294
2768 1568 2767 1568
2769 1340 2768 1339
2770 1592 2770 1591
2771 1772 2771 1773
2775 1480 2775 1479
2775 1523 2775 1524
2776 1217 2777 1217
2776 1464 2776 1463
2776 1506 2775 1507
2776 1558 2777 1556
2780 1471 2779 1470
2780 1496 2780 1496
2782 1287 2783 1287
2782 1422 2783 1421
2783 2019 2783 2019
2786 1882 2786 1881
2787 1416 2787 1415
2791 1797 2790 1797
2793 1755 2793 1754
2797 1297 2796 1297
2801 1102 2801 1102
2802 1412 2802 1413
2803 1676 2803 1675
2808 1397 2808 1397
2810 1829 2810 1829
2810 1872 2810 1871
2811 1854 2811 1854
2815 1823 2815 1822
2815 1840 2815 1840
2815 1906 2814 1906
2816 1643 2813 1644
2816 1885 2816 1884
2816 1924 2816 1924
2818 1679 2817 1679
2818 1740 2820 1741
2819 1162 2818 1162
2823 2010 2823 2010
2825 1687 2824 1686
2825 1848 2825 1848
2826 1749 2826 1749
2827 1841 2826 1844
2828 1567 2829 1567
2828 1840 2828 1840
2828 1905 2828 1905
2829 1546 2829 1546
2830 1777 2830 1778
2831 1291 2833 1291
2831 1618 2830 1618
2832 1831 2831 1831
2835 1344 2833 1344
2836 1703 2835 1703
2838 1592 2839 1591
2838 1836 2838 1836
2843 1898 2844 1897
2845 1582 2845 1581
2846 1859 2847 1858
2847 1398 2849 1400
2849 1307 2849 1305
2856 1581 2855 1580
2856 1698 2855 1699
2858 1531 2859 1530
2859 1339 2858 1338
2859 1570 2857 1571
2860 1525 2860 1525
2860 1540 2861 1540
2863 1560 2864 1560
2863 1945 2863 1945
2864 1929 2863 1928
2867 1301 2867 1300
2868 1435 2866 1432
2869 2023 2869 2023
2870 1945 2870 1945
2871 1507 2870 1507
2873 1677 2873 1677
2879 2031 2879 2030
2881 1407 2881 1407
2885 1343 2885 1343
2885 1536 2885 1535
2887 1261 2887 1261
2888 1948 2888 1948
2892 1659 2892 1660
2893 1343 2893 1343
2898 1353 2897 1353
2899 1636 2898 1636
2902 1343 2901 1343
2904 1741 2903 1740
2906 1666 2905 1666
2908 1844 2908 1844
2910 1626 2910 1625
2914 1269 2914 1268
2914 2029 2915 2029
2915 1285 2915 1286
2916 1511 2916 1511
2916 1742 2916 1742
2917 1364 2917 1364
2918 1414 2917 1413
2920 1860 2920 1860
2923 1816 2922 1815
2925 1595 2926 1596
2926 1491 2924 1491
2926 1837 2923 1840
2928 1413 2928 1412
2929 1498 2929 1498
2930 1615 2927 1617
2930 2010 2930 2009
2931 1418 2931 1418
2931 1629 2931 1632
2936 1414 2935 1414
2936 1880 2936 1880
2939 1895 2940 1894
2944 1418 2944 1417
2947 1590 2947 1589
2948 2009 2949 2009
2949 1626 2948 1625
2952 1594 2953 1593
2959 1475 2958 1474
2960 1411 2960 1411
2961 1918 2961 1918
2963 1587 2960 1589
2965 1579 2965 1579
2965 2016 2966 2016
2968 1412 2968 1411
2970 1461 2970 1463
2971 1932 2971 1931
2975 1978 2975 1978
2976 1601 2976 1601
2976 1880 2976 1879
2978 1343 2978 1343
2980 1864 2980 1863
2988 1882 2988 1881
2990 1416 2990 1416
2993 1487 2991 1489
2995 1932 2996 1932
2997 1411 2996 1411
3000 1752 3000 1752
3009 1357 3010 1357
3009 1499 3009 1499
3012 2038 3014 2037
3016 1427 3015 1426
3027 1437 3028 1436
3031 1547 3031 1546
3031 1907 3030 1907
3032 1366 3031 1365
3032 1423 3033 1423
3034 1345 3035 1345
3034 1413 3034 1413
3034 1570 3033 1569
3035 1493 3035 1493
3039 1312 3039 1312
3043 1409 3043 1408
3043 1770 3043 1770
3047 1777 3048 1776
3048 1445 3048 1446
3048 1524 3049 1523
3050 1484 3050 1483
3050 2037 3049 2036
3051 1390 3051 1390
3051 1466 3051 1464
3062 1372 3063 1369
3063 1784 3062 1784
3064 1533 3063 1530
3064 2009 3064 2010
3071 1554 3071 1553
3072 1351 3072 1350
3073 1472 3073 1471
3073 1777 3073 1777
3078 1624 3079 1622
3078 1890 3079 1889
3079 1570 3079 1569
3083 1870 3083 1870
3084 1943 3083 1941
3085 1882 3085 1882
3085 1898 3085 1898
3086 1316 3085 1316
3089 1772 3089 1771
3091 1856 3091 1855
3096 1514 3095 1513
3097 1784 3097 1784
3098 1322 3099 1320
3098 1608 3096 1609
3099 1831 3101 1832
3099 1893 3098 1894
3100 1330 3101 1329
3101 1635 3101 1637
3104 1520 3105 1522
3105 1779 3104 1778
3105 1869 3104 1869
3108 1593 3106 1594
3109 1774 3110 1773
3112 1513 3111 1512
3115 1453 3115 1452
3117 1826 3116 1826
3122 1520 3120 1520
3125 1944 3125 1943
3127 1301 3127 1300
3128 1714 3128 1714
3131 1357 3130 1357
3131 1372 3131 1372
3143 1939 3142 1939
3147 1326 3146 1325
3147 1406 3148 1405
3151 1588 3148 1588
3154 1414 3154 1413
3156 1328 3156 1328
3157 1384 3158 1383
3157 1793 3157 1793
3158 1361 3159 1360
3167 1714 3166 1714
3168 1360 3168 1359
3173 1705 3174 1705
3178 2018 3178 2020
3179 1717 3179 1717
3183 1486 3185 1486
3184 1856 3184 1856
3188 1340 3186 1341
3191 1414 3191 1414
3194 1532 3195 1532
3201 1398 3201 1398
3203 1404 3204 1408
3205 1341 3205 1340
3206 1950 3206 1949
3207 1310 3208 1309
3209 1396 3210 1396
3214 1348 3214 1347
3218 1705 3217 1704
3220 1315 3220 1315
3220 1891 3216 1893
3223 1621 3223 1620
3225 1331 3226 1331
3227 1339 3226 1338
3269 1744 3269 1744
3290 1393 3288 1394
3291 1505 3290 1505
3296 1312 3296 1312
3308 1389 3308 1389
3316 1520 3315 1520
3321 1583 3322 1583
3336 1343 3335 1342
3380 1970 3379 1969
3391 1337 3391 1337
3394 1503 3393 1502
3396 1331 3396 1330
3409 1227 3410 1226
3420 1872 3420 1871
3423 1885 3423 1886
3425 1245 3425 1245
3432 1892 3433 1892
3436 1884 3437 1884
3439 1789 3439 1788
3441 1225 3441 1225
3443 1517 3443 1517
3444 1530 3445 1529
3447 1399 3449 1400
3450 1917 3450 1916
3456 1381 3457 1381
3459 1534 3459 1534
3463 1558 3464 1558
3468 1395 3469 1393
3473 1568 3473 1567
3474 1310 3473 1310
3475 1552 3474 1552
3478 1321 3477 1320
3482 1533 3483 1533
3483 1210 3484 1211
3489 1586 3489 1585
3492 1366 3492 1366
3492 1374 3491 1373
3497 1925 3492 1923
3501 1535 3501 1536
3502 1798 3500 1800
3506 1248 3506 1247
3508 1236 3507 1235
3509 1543 3508 1543
3511 1386 3511 1386
3512 1392 3511 1392
3512 1509 3512 1509
3515 1457 3515 1456
3515 1538 3515 1538
3516 1371 3515 1372
3516 1538 3515 1538
3518 1218 3517 1217
3524 1241 3523 1241
3525 1314 3524 1312
3528 1251 3527 1250
3529 1336 3529 1336
3533 1518 3532 1518
3538 1342 3538 1342
3538 1352 3537 1352
3538 1890 3538 1890
3540 1224 3540 1224
3546 1297 3547 1296
3546 1402 3546 1402
3549 1832 3548 1831
3550 1487 3550 1487
3551 2040 3551 2040
3552 1896 3551 1896
3553 1328 3553 1329
3553 1413 3553 1413
3555 1267 3554 1266
3558 1592 3558 1592
3559 1457 3559 1456
3560 1319 3558 1318
3564 1401 3564 1400
3564 1449 3564 1448
3566 1611 3567 1611
3566 1803 3565 1803
3573 1449 3573 1449
3574 1805 3575 1805
3578 1565 3577 1564
3578 1992 3578 1991
3585 1572 3584 1572
3587 1623 3585 1623
3590 1599 3589 1599
3592 1703 3592 1703
3594 1645 3593 1645
3598 2000 3599 1999
3601 1751 3601 1750
3603 2032 3604 2030
3605 1815 3604 1816
3606 2014 3607 2012
3607 1901 3607 1900
459 1725 458 1725
645 1847 645 1847
665 1358 665 1357
779 1205 776 1204
796 1841 795 1842
806 1388 806 1388
812 1397 812 1396
821 1922 820 1921
835 1842 834 1842
840 1389 839 1389
857 1434 857 1434
859 1337 858 1337
869 1389 869 1388
896 1801 895 1801
911 1437 911 1437
919 1635 918 1635
935 1565 934 1566
946 1574 947 1572
948 1550 947 1550
956 1441 956 1440
956 1827 956 1827
958 1767 958 1767
968 1503 968 1503
990 1791 990 1791
998 1252 999 1252
