1003 1444 1002 1444
1047 1381 1046 1382
1050 1706 1048 1706
1054 1390 1054 1390
1060 1429 1059 1429
1081 1666 1081 1666
1097 1583 1095 1585
1108 1534 1108 1533
1110 1420 1108 1420
1135 1428 1133 1430
1135 1535 1134 1535
1144 1845 1144 1845
1159 1649 1160 1649
1162 1575 1160 1574
1186 1540 1186 1540
1191 1475 1191 1475
1196 1927 1195 1926
1204 1219 1205 1219
1205 1221 1205 1219
1212 1823 1211 1823
1224 1187 1224 1189
1234 1125 1234 1125
1236 1076 1235 1075
1236 1094 1236 1093
1247 1056 1248 1055
1262 1084 1262 1082
1266 1749 1266 1749
1268 1857 1268 1859
1274 1042 1274 1041
1279 1159 1279 1158
1286 993 1286 992
1289 1164 1289 1163
1297 1112 1297 1111
1303 1468 1303 1467
1305 1542 1304 1541
1306 1488 1306 1488
1314 1770 1314 1770
1318 990 1318 990
1321 1086 1321 1085
1327 1024 1327 1023
1329 1073 1328 1072
1333 979 1334 978
1335 983 1335 982
1338 984 1338 984
1339 986 1340 985
1341 971 1341 971
1345 1109 1345 1109
1345 1533 1345 1531
1349 1457 1348 1458
1350 1641 1351 1641
1353 887 1353 887
1355 1322 1355 1322
1356 1532 1355 1532
1357 1519 1357 1518
1358 1027 1358 1030
1358 1376 1358 1376
1360 1287 1360 1287
1365 852 1364 852
1367 900 1367 899
1371 1545 1371 1544
1381 1444 1379 1443
1388 1219 1388 1218
1392 1033 1392 1032
1399 1036 1400 1036
1406 1434 1403 1435
1409 737 1410 738
1414 1119 1414 1119
1417 880 1417 880
1418 1219 1419 1218
1431 1025 1432 1023
1436 1239 1433 1240
1440 1016 1440 1015
1442 868 1442 867
1449 1864 1449 1864
1457 759 1456 758
1459 883 1459 883
1461 1457 1460 1457
1463 765 1461 762
1467 750 1467 750
1476 1165 1476 1165
1477 883 1477 882
1480 842 1479 841
1481 1078 1480 1077
1486 815 1486 815
1488 1076 1488 1075
1488 834 1488 833
1489 886 1489 886
1490 970 1490 970
1492 1567 1492 1567
1493 786 1493 785
1499 1786 1499 1786
1500 880 1500 879
1502 808 1502 807
1510 774 1510 773
1514 1708 1513 1708
1518 1840 1517 1840
1518 913 1518 912
1519 1135 1520 1134
1525 1815 1525 1814
1526 828 1526 827
1527 867 1527 867
1528 1190 1528 1190
1529 685 1529 684
1529 814 1529 813
1529 870 1529 869
1532 872 1532 871
1533 1655 1533 1656
1535 1634 1535 1634
1536 1190 1536 1190
1538 944 1538 943
1540 735 1540 735
1540 744 1540 743
1544 1836 1544 1837
1547 902 1548 901
1550 1640 1550 1641
1550 753 1550 753
1551 875 1551 875
1555 758 1555 757
1556 672 1556 671
1559 1150 1559 1150
1561 1457 1560 1457
1561 932 1561 932
1562 738 1562 737
1563 1589 1563 1588
1564 789 1565 788
1568 1451 1568 1450
1568 1596 1567 1596
1571 1021 1570 1020
1572 1580 1571 1580
1572 888 1572 888
1573 899 1574 899
1576 730 1576 729
1579 1389 1578 1389
1579 894 1580 893
1580 1593 1580 1593
1586 1580 1585 1580
1586 815 1586 814
1587 1629 1585 1630
1595 1224 1595 1223
1595 1398 1595 1397
1599 1391 1599 1390
1601 1170 1602 1169
1602 1212 1602 1211
1602 638 1602 637
1603 1136 1604 1135
1603 1633 1602 1633
1605 1118 1605 1117
1605 1380 1606 1380
1610 1892 1611 1892
1611 1124 1611 1124
1611 1555 1611 1554
1613 840 1615 839
1614 1137 1615 1136
1614 1384 1613 1384
1615 1669 1615 1669
1615 1908 1615 1908
1616 735 1616 734
1617 742 1617 741
1617 887 1615 887
1618 1220 1618 1220
1618 1372 1619 1371
1619 1846 1619 1847
1619 737 1619 736
1623 1457 1623 1457
1623 925 1620 926
1623 940 1623 939
1624 1376 1625 1375
1625 946 1625 946
1629 1850 1631 1848
1633 1454 1632 1454
1633 901 1633 902
1634 874 1634 873
1635 799 1635 798
1637 1835 1636 1836
1638 1053 1638 1053
1638 731 1638 731
1639 879 1639 878
1640 832 1639 831
1641 1446 1641 1446
1641 1555 1639 1554
1644 874 1643 874
1645 940 1645 939
1645 946 1645 945
1646 832 1646 831
1648 740 1648 740
1651 1796 1653 1796
1651 1826 1651 1826
1652 1078 1652 1077
1653 763 1653 762
1654 861 1655 860
1655 1217 1655 1216
1656 1050 1657 1049
1656 1062 1657 1061
1657 768 1657 768
1658 1407 1657 1407
1658 907 1658 905
1659 1367 1660 1367
1660 1540 1661 1540
1660 1807 1660 1807
1662 1553 1662 1553
1663 1102 1663 1101
1665 749 1665 748
1665 902 1665 901
1666 900 1667 899
1667 1985 1668 1985
1668 1070 1667 1070
1669 850 1670 849
1671 1301 1671 1301
1671 736 1670 735
1671 858 1671 857
1672 1038 1671 1038
1672 1340 1669 1339
1672 719 1672 718
1672 951 1672 951
1672 983 1672 983
1673 1376 1672 1376
1674 1570 1674 1570
1675 1329 1674 1329
1675 1742 1674 1740
1675 930 1675 929
1675 934 1674 933
1676 1576 1675 1576
1677 708 1677 708
1678 1459 1677 1459
1679 1368 1678 1368
1681 1020 1681 1019
1682 1346 1683 1345
1682 1561 1680 1560
1682 1621 1681 1622
1683 1003 1684 1002
1685 1007 1685 1006
1685 701 1685 701
1688 691 1688 690
1689 1381 1689 1380
1690 950 1690 949
1695 1547 1694 1548
1695 678 1695 677
1696 1349 1694 1350
1696 946 1697 946
1697 776 1696 775
1698 712 1698 711
1699 1603 1698 1603
1700 1767 1698 1767
1701 1577 1700 1577
1701 776 1701 775
1701 969 1701 969
1703 1598 1702 1599
1706 1887 1706 1887
1706 858 1705 858
1708 1533 1708 1532
1712 747 1712 746
1713 846 1713 845
1714 1548 1712 1547
1714 1876 1713 1877
1714 1893 1713 1893
1717 1358 1716 1357
1718 1802 1717 1802
1718 1821 1718 1822
1719 1354 1718 1353
1720 1531 1720 1532
1720 1799 1720 1799
1722 745 1722 744
1723 1926 1723 1926
1724 1906 1723 1906
1728 1159 1728 1159
1728 1200 1728 1200
1730 825 1729 825
1732 1731 1732 1731
1732 837 1732 837
1733 1206 1733 1204
1734 1379 1733 1379
1734 1668 1734 1667
1734 834 1734 833
1734 886 1734 886
1735 727 1735 726
1737 1387 1737 1387
1738 1945 1738 1944
1739 1796 1738 1796
1740 875 1740 874
1743 1776 1743 1775
1744 1357 1744 1357
1745 823 1746 821
1746 1785 1746 1784
1750 1380 1750 1380
1752 1366 1752 1365
1753 1649 1752 1648
1755 1089 1755 1089
1755 721 1754 720
1756 1389 1755 1390
1757 1215 1758 1214
1757 1789 1756 1789
1758 1092 1758 1091
1760 1359 1761 1358
1760 1622 1759 1622
1762 1769 1761 1769
1764 1214 1765 1213
1770 702 1770 701
1770 848 1770 847
1771 796 1772 795
1772 790 1772 789
1774 778 1774 778
1775 1533 1775 1533
1777 766 1778 765
1779 1586 1779 1587
1781 1213 1780 1213
1782 667 1781 668
1783 1169 1783 1169
1784 844 1784 844
1785 2016 1784 2017
1787 1552 1786 1552
1787 1579 1788 1579
1789 838 1789 837
1790 1161 1790 1160
1795 673 1795 672
1798 1536 1797 1536
1799 799 1799 799
1802 1377 1802 1376
1802 1550 1802 1550
1802 940 1802 940
1804 736 1805 735
1805 726 1804 725
1806 1221 1806 1220
1809 1871 1809 1870
1810 1550 1809 1550
1810 760 1811 759
1811 1222 1811 1222
1811 871 1811 871
1814 792 1814 792
1815 1580 1814 1579
1819 1545 1818 1545
1819 793 1819 793
1820 1391 1819 1392
1822 1210 1822 1209
1825 1483 1825 1483
1825 1521 1825 1521
1826 2008 1826 2007
1827 1195 1827 1195
1829 1210 1829 1210
1829 1552 1828 1551
1830 1539 1830 1536
1833 794 1833 794
1835 804 1835 804
1836 1886 1835 1885
1841 1484 1840 1484
1841 1776 1841 1776
1841 1945 1842 1945
1843 928 1843 928
1844 1063 1844 1062
1844 1470 1843 1469
1846 1914 1845 1913
1847 1931 1846 1931
1853 1399 1852 1397
1854 722 1854 721
1857 1073 1858 1072
1858 1602 1858 1602
1858 611 1858 610
1863 1177 1863 1175
1865 1675 1865 1677
1869 1609 1868 1609
1874 1376 1873 1377
1874 1682 1874 1681
1885 1885 1884 1885
1887 674 1888 674
1889 1211 1889 1210
1892 666 1892 666
1893 1708 1893 1708
1895 1895 1894 1894
1899 1606 1898 1605
1902 1200 1901 1198
1905 1956 1905 1955
1907 1030 1907 1030
1907 1217 1907 1217
1910 1010 1910 1009
1910 608 1910 607
1911 1022 1911 1021
1916 1536 1916 1536
1921 1756 1921 1756
1922 1903 1922 1903
1922 1983 1922 1983
1928 1541 1928 1540
1929 2021 1928 2021
1931 1883 1930 1883
1934 1748 1934 1747
1935 1727 1935 1728
1942 1117 1941 1117
1943 1537 1944 1536
1949 960 1949 959
1951 1095 1951 1095
1952 1940 1952 1939
1955 1392 1955 1391
1956 1712 1955 1712
1956 1869 1956 1869
1960 1844 1959 1845
1961 1930 1961 1930
1965 1154 1967 1155
1966 1136 1967 1135
1966 1834 1966 1834
1966 805 1966 804
1971 2006 1971 2010
1976 1304 1976 1303
1976 1966 1975 1965
1978 940 1978 942
1981 1420 1981 1420
1984 786 1984 786
1985 1041 1986 1040
1986 1384 1986 1384
1987 1940 1987 1940
1990 1305 1990 1304
1990 1924 1989 1924
1993 1932 1993 1931
1993 2006 1992 2009
1994 1372 1994 1372
1994 1848 1994 1848
1994 938 1994 937
1996 931 1996 930
1997 1854 1997 1854
1999 1592 2001 1591
2001 878 2001 878
2001 942 2002 942
2002 1929 2002 1928
2003 823 2003 823
2006 926 2006 925
2010 947 2010 946
2011 1819 2007 1820
2014 812 2013 811
2015 886 2016 885
2016 1619 2016 1620
2016 1968 2016 1968
2018 1254 2017 1253
2018 1895 2020 1892
2020 1942 2019 1942
2021 1578 2020 1578
2023 1974 2022 1974
2025 1460 2024 1460
2026 1490 2025 1490
2027 1017 2027 1016
2030 1563 2030 1563
2031 1009 2031 1008
2032 1001 2032 1000
2037 1598 2038 1598
2039 1011 2040 1011
2044 2018 2044 2020
2044 984 2044 983
2045 1628 2045 1628
2045 1744 2045 1744
2046 1731 2046 1731
2052 1726 2052 1727
2052 825 2051 824
2053 1020 2053 1019
2053 1713 2052 1713
2053 1904 2052 1904
2055 1587 2054 1587
2055 1703 2054 1703
2055 1730 2055 1730
2057 1381 2056 1380
2059 1323 2059 1323
2060 1373 2060 1372
2060 675 2060 675
2061 889 2061 887
2062 1365 2062 1365
2063 1375 2062 1374
2064 1060 2064 1060
2065 1223 2066 1223
2065 1954 2065 1953
2066 1604 2066 1603
2067 1355 2067 1354
2067 1999 2066 2003
2068 1725 2067 1724
2069 1381 2069 1381
2070 1032 2071 1031
2070 1473 2070 1473
2070 775 2070 775
2071 1657 2071 1656
2072 1103 2073 1103
2075 1738 2075 1737
2076 1599 2075 1599
2078 874 2078 873
2082 1703 2081 1704
2082 1731 2082 1731
2082 1757 2081 1756
2083 815 2084 813
2085 1612 2084 1611
2087 1464 2087 1464
2087 1498 2088 1498
2088 1554 2088 1553
2092 1027 2093 1026
2094 1367 2094 1367
2097 1550 2097 1549
2098 1372 2096 1372
2098 945 2098 944
2099 986 2099 985
2101 948 2101 947
2102 1377 2102 1377
2104 1366 2103 1366
2105 1139 2106 1138
2105 1627 2104 1628
2105 1800 2104 1800
2108 844 2109 843
2110 925 2110 924
2113 1591 2113 1591
2113 1783 2114 1784
2116 862 2116 861
2117 1503 2117 1504
2118 1602 2117 1601
2118 1858 2118 1859
2120 1332 2119 1330
2120 826 2120 825
2121 869 2120 868
2123 1549 2123 1548
2125 1582 2125 1582
2125 1611 2125 1612
2126 1482 2125 1482
2127 1792 2125 1792
2129 1108 2128 1108
2132 1336 2132 1335
2133 659 2133 658
2134 1076 2134 1074
2137 1460 2137 1461
2139 1453 2139 1453
2141 837 2142 835
2141 944 2142 943
2143 1642 2142 1642
2144 1328 2142 1328
2144 1856 2143 1855
2147 1032 2147 1031
2147 1568 2146 1568
2148 1464 2147 1464
2148 1668 2148 1667
2149 1398 2149 1397
2152 864 2151 865
2153 1387 2153 1386
2159 1374 2159 1373
2159 842 2160 843
2160 861 2159 860
2161 858 2161 857
2162 1701 2162 1701
2164 1020 2163 1019
2165 1007 2165 1005
2169 1513 2168 1512
2169 1975 2169 1975
2177 1707 2177 1707
2178 1973 2178 1973
2183 1016 2183 1015
2183 1991 2182 1991
2187 1335 2187 1335
2190 931 2189 931
2191 1062 2192 1061
2192 1994 2192 1993
2194 863 2194 862
2195 1706 2193 1707
2198 1019 2199 1018
2199 1715 2198 1716
2200 1079 2200 1078
2203 1362 2202 1362
2204 933 2205 933
2209 1723 2209 1722
2214 1996 2215 1995
2214 689 2215 688
2214 976 2216 972
2217 1201 2217 1200
2218 698 2218 698
2219 1404 2218 1404
2220 1763 2221 1763
2221 1201 2221 1200
2222 1195 2223 1194
2223 1039 2223 1039
2225 758 2225 757
2228 1392 2228 1392
2229 1613 2230 1613
2229 1627 2230 1626
2229 616 2230 615
2230 1197 2230 1196
2231 789 2231 788
2233 1817 2229 1818
2234 1064 2235 1063
2234 1399 2234 1397
2235 795 2234 793
2237 1837 2237 1837
2239 1595 2239 1594
2242 1912 2242 1912
2243 1999 2242 1998
2245 1407 2244 1407
2245 999 2246 998
2247 1147 2247 1145
2251 1381 2251 1380
2251 1506 2251 1506
2252 1560 2252 1559
2253 1050 2253 1050
2254 864 2254 863
2255 1371 2256 1371
2255 1399 2255 1398
2258 841 2258 840
2259 1762 2259 1762
2260 1413 2259 1413
2261 830 2261 830
2266 1376 2266 1376
2269 1868 2268 1867
2270 1163 2270 1163
2272 1859 2272 1859
2273 1489 2274 1488
2276 2027 2277 2027
2279 1199 2280 1199
2280 1852 2280 1852
2283 1638 2283 1639
2283 1780 2283 1780
2284 1385 2285 1384
2284 1657 2284 1656
2285 2004 2283 2005
2287 1923 2286 1924
2288 1914 2287 1914
2289 778 2289 777
2293 1067 2292 1065
2293 1456 2292 1456
2295 1064 2295 1063
2299 1310 2299 1310
2300 1296 2300 1296
2303 1315 2304 1315
2311 1335 2310 1334
2315 993 2316 993
2317 1595 2314 1596
2319 1113 2319 1113
2319 1714 2319 1714
2320 982 2320 981
2321 1647 2320 1646
2326 1530 2326 1530
2327 1106 2327 1106
2327 1582 2326 1581
2327 992 2327 991
2328 716 2328 716
2332 962 2332 961
2333 947 2333 946
2335 1516 2335 1516
2336 979 2336 978
2337 1090 2338 1089
2342 966 2342 965
2343 1400 2343 1400
2347 1683 2348 1683
2348 1589 2349 1589
2351 1699 2350 1699
2353 1266 2352 1265
2354 1458 2354 1457
2355 943 2355 942
2356 1142 2359 1140
2356 863 2357 862
2357 1018 2356 1018
2362 1566 2362 1565
2363 1347 2362 1347
2363 1452 2364 1452
2364 1784 2364 1784
2369 952 2369 952
2370 1174 2370 1173
2371 1354 2371 1353
2372 778 2372 777
2373 1412 2372 1412
2375 1296 2375 1295
2376 1287 2376 1286
2376 1330 2377 1329
2376 1508 2377 1507
2378 1515 2377 1515
2381 1336 2381 1335
2382 1353 2382 1353
2385 1451 2386 1451
2386 1323 2386 1322
2387 704 2387 703
2388 710 2388 709
2389 1514 2388 1514
2391 1108 2391 1108
2393 1520 2392 1520
2394 914 2394 914
2397 1139 2398 1138
2397 990 2397 988
2398 1338 2397 1338
2398 994 2399 993
2399 1090 2399 1089
2399 1239 2397 1236
2400 936 2400 934
2407 1508 2408 1507
2408 1096 2408 1095
2410 816 2410 816
2411 1381 2412 1380
2412 1996 2412 1996
2414 864 2415 863
2416 735 2416 735
2417 1452 2416 1452
2419 1359 2419 1359
2420 1366 2420 1365
2421 1329 2416 1330
2422 1683 2422 1683
2422 1968 2422 1968
2427 1394 2427 1393
2428 1988 2427 1988
2430 1996 2430 1996
2431 1296 2430 1296
2431 752 2432 752
2432 833 2431 832
2432 865 2431 865
2433 1380 2433 1380
2433 1613 2433 1614
2438 1602 2438 1601
2439 1324 2438 1324
2440 1393 2440 1393
2441 935 2441 934
2444 1856 2441 1858
2446 1333 2445 1333
2448 1844 2447 1843
2448 907 2448 906
2452 1089 2452 1088
2452 1872 2452 1873
2453 1105 2453 1104
2453 1192 2454 1192
2460 1675 2460 1675
2460 763 2460 762
2462 1306 2463 1305
2465 1335 2465 1335
2465 1710 2465 1709
2468 725 2469 724
2471 1509 2471 1508
2473 1099 2473 1099
2473 1743 2473 1746
2476 1405 2476 1405
2478 1117 2479 1116
2479 1305 2478 1308
2479 1410 2479 1410
2481 1133 2482 1131
2490 1037 2490 1034
2490 1564 2490 1564
2491 1653 2491 1653
2493 1092 2494 1091
2495 954 2495 953
2497 1798 2497 1797
2498 1549 2498 1548
2498 773 2498 772
2499 1783 2499 1782
2501 1100 2501 1099
2501 1654 2501 1653
2505 697 2505 697
2509 1316 2511 1315
2513 1322 2512 1321
2514 1065 2513 1064
2515 1565 2514 1565
2515 2012 2516 2012
2516 1573 2515 1574
2517 1255 2518 1252
2518 1326 2518 1325
2520 1396 2520 1395
2523 1087 2524 1086
2524 1036 2525 1033
2531 1154 2531 1154
2537 1095 2538 1094
2539 1394 2540 1393
2539 1541 2538 1540
2540 1906 2540 1906
2545 1054 2544 1053
2545 1413 2545 1413
2546 1082 2547 1081
2548 1057 2549 1056
2549 1078 2550 1077
2551 1305 2551 1305
2555 1111 2555 1110
2556 1064 2556 1064
2557 1092 2557 1090
2559 1894 2559 1894
2562 1062 2562 1061
2562 1073 2562 1072
2562 1941 2562 1940
2566 1086 2566 1085
2566 1146 2566 1146
2566 1294 2566 1293
2566 1930 2566 1930
2567 1114 2567 1113
2570 1081 2570 1081
2572 1731 2572 1730
2579 1358 2580 1358
2580 1697 2580 1697
2580 1917 2581 1916
2581 1393 2581 1393
2581 1587 2581 1586
2583 1064 2583 1063
2588 1265 2587 1265
2588 1588 2588 1588
2589 1074 2589 1073
2591 1598 2592 1598
2603 1323 2603 1322
2605 1606 2605 1605
2606 1053 2605 1052
2615 1874 2616 1873
2617 1684 2617 1684
2622 1861 2621 1861
2627 1419 2627 1419
2628 1414 2629 1416
2629 1036 2629 1035
2632 1412 2632 1411
2635 1356 2635 1355
2640 1401 2640 1401
2641 1692 2640 1692
2642 1318 2642 1317
2645 1392 2645 1392
2646 1323 2645 1322
2647 1590 2648 1590
2648 1330 2648 1329
2654 1307 2654 1307
2656 1579 2657 1578
2661 1199 2660 1199
2662 1052 2662 1052
2663 1033 2663 1032
2666 1324 2666 1324
2668 1417 2668 1417
2670 1967 2670 1967
2673 1479 2673 1479
2679 1494 2679 1493
2681 1418 2682 1418
2681 1627 2679 1627
2681 1940 2682 1940
2683 1492 2683 1491
2683 1592 2683 1592
2685 1636 2686 1636
2690 1757 2691 1757
2694 1733 2698 1734
2695 1417 2695 1416
2698 1928 2699 1929
2699 1839 2698 1839
2700 1318 2700 1317
2703 1359 2703 1359
2708 1961 2708 1962
2712 1884 2712 1884
2713 1907 2712 1906
2718 1931 2716 1933
2719 1350 2719 1350
2720 1870 2720 1870
2721 2032 2721 2032
2722 1742 2723 1739
2723 1433 2722 1433
2724 1447 2724 1448
2725 1482 2725 1480
2725 1763 2725 1762
2726 1763 2725 1762
2729 1908 2728 1908
2732 1846 2731 1845
2733 1696 2733 1697
2733 1746 2732 1746
2734 1510 2734 1511
2734 1841 2734 1841
2735 1276 2734 1275
2737 1896 2736 1896
2740 1845 2739 1847
2741 1547 2741 1547
2742 1774 2741 1774
2745 1757 2745 1757
2748 1806 2747 1806
2752 1503 2751 1502
2756 1592 2756 1592
2757 1795 2758 1795
2758 1604 2758 1603
2768 1568 2767 1568
2771 1772 2771 1773
2775 1480 2775 1479
2775 1523 2775 1524
2776 1217 2777 1217
2776 1506 2775 1507
2776 1558 2777 1556
2780 1471 2779 1470
2782 1287 2783 1287
2787 1416 2787 1415
2791 1797 2790 1797
2797 1297 2796 1297
2802 1412 2802 1413
2807 1774 2809 1778
2808 1397 2808 1397
2810 1829 2810 1829
2810 1872 2810 1871
2811 1854 2811 1854
2815 1906 2814 1906
2816 1885 2816 1884
2816 1924 2816 1924
2819 1162 2818 1162
2825 1848 2825 1848
2828 1840 2828 1840
2828 1905 2828 1905
2829 1546 2829 1546
2830 1777 2830 1778
2831 1618 2830 1618
2835 1344 2833 1344
2838 1836 2838 1836
2845 1582 2845 1581
2849 1307 2849 1305
2856 1581 2855 1580
2860 1525 2860 1525
2867 1301 2867 1300
2885 1536 2885 1535
2888 1948 2888 1948
2892 1659 2892 1660
2893 1343 2893 1343
2906 1666 2905 1666
2908 1844 2908 1844
2910 1626 2910 1625
2914 1269 2914 1268
2916 1511 2916 1511
2925 1595 2926 1596
2931 1418 2931 1418
2936 1414 2935 1414
2939 1895 2940 1894
2961 1918 2961 1918
2970 1461 2970 1463
2971 1932 2971 1931
2975 1978 2975 1978
2976 1880 2976 1879
2988 1882 2988 1881
3012 2038 3014 2037
3034 1413 3034 1413
3034 1570 3033 1569
3043 1409 3043 1408
3043 1770 3043 1770
3048 1445 3048 1446
3062 1372 3063 1369
3063 1784 3062 1784
3078 1624 3079 1622
3085 1882 3085 1882
3085 1898 3085 1898
3096 1514 3095 1513
3098 1608 3096 1609
3099 1893 3098 1894
3100 1330 3101 1329
3101 1635 3101 1637
3105 1869 3104 1869
3108 1593 3106 1594
3112 1513 3111 1512
3122 1520 3120 1520
3125 1944 3125 1943
3127 1301 3127 1300
3128 1714 3128 1714
3131 1372 3131 1372
3143 1939 3142 1939
3156 1328 3156 1328
3158 1361 3159 1360
3167 1714 3166 1714
3168 1360 3168 1359
3173 1705 3174 1705
3183 1486 3185 1486
3201 1398 3201 1398
3205 1341 3205 1340
3209 1396 3210 1396
3220 1315 3220 1315
3223 1621 3223 1620
3225 1331 3226 1331
3423 1885 3423 1886
3432 1892 3433 1892
3436 1884 3437 1884
3444 1530 3445 1529
3456 1381 3457 1381
3478 1321 3477 1320
3501 1535 3501 1536
3502 1798 3500 1800
3506 1248 3506 1247
3509 1543 3508 1543
3511 1386 3511 1386
3512 1392 3511 1392
3512 1509 3512 1509
3515 1457 3515 1456
3515 1538 3515 1538
3529 1336 3529 1336
3533 1518 3532 1518
3538 1342 3538 1342
3538 1352 3537 1352
3540 1224 3540 1224
3546 1297 3547 1296
3552 1896 3551 1896
3553 1328 3553 1329
3553 1413 3553 1413
3555 1267 3554 1266
3558 1592 3558 1592
3559 1457 3559 1456
3564 1449 3564 1448
3566 1611 3567 1611
3574 1805 3575 1805
3590 1599 3589 1599
3594 1645 3593 1645
3635 1192 3633 1189
3772 1054 3768 1051
459 1725 458 1725
796 1841 795 1842
812 1397 812 1396
840 1389 839 1389
896 1801 895 1801
911 1437 911 1437
948 1550 947 1550
956 1441 956 1440
956 1827 956 1827
968 1503 968 1503
990 1791 990 1791
