1110 1420 1108 1420
1135 1428 1133 1430
1205 1221 1205 1219
1224 1187 1224 1189
1286 993 1286 992
1305 1542 1304 1541
1327 1024 1327 1023
1329 1073 1328 1072
1335 983 1335 982
1338 984 1338 984
1349 1457 1348 1458
1356 1532 1355 1532
1367 900 1367 899
1381 1444 1379 1443
1388 1219 1388 1218
1406 1434 1403 1435
1440 1016 1440 1015
1442 868 1442 867
1457 759 1456 758
1459 883 1459 883
1463 765 1461 762
1467 750 1467 750
1476 1165 1476 1165
1477 883 1477 882
1480 842 1479 841
1481 1078 1480 1077
1486 815 1486 815
1500 880 1500 879
1510 774 1510 773
1514 1708 1513 1708
1518 913 1518 912
1519 1135 1520 1134
1528 1190 1528 1190
1529 685 1529 684
1535 1634 1535 1634
1536 1190 1536 1190
1538 944 1538 943
1540 744 1540 743
1547 902 1548 901
1550 1640 1550 1641
1551 875 1551 875
1555 758 1555 757
1561 1457 1560 1457
1561 932 1561 932
1562 738 1562 737
1563 1589 1563 1588
1568 1596 1567 1596
1573 899 1574 899
1579 894 1580 893
1580 1593 1580 1593
1586 1580 1585 1580
1586 815 1586 814
1587 1629 1585 1630
1595 1224 1595 1223
1595 1398 1595 1397
1599 1391 1599 1390
1601 1170 1602 1169
1602 1212 1602 1211
1611 1555 1611 1554
1614 1137 1615 1136
1614 1384 1613 1384
1615 1669 1615 1669
1617 742 1617 741
1617 887 1615 887
1623 925 1620 926
1624 1376 1625 1375
1633 901 1633 902
1634 874 1634 873
1637 1835 1636 1836
1638 1053 1638 1053
1641 1446 1641 1446
1641 1555 1639 1554
1648 740 1648 740
1660 1807 1660 1807
1668 1070 1667 1070
1672 983 1672 983
1673 1376 1672 1376
1674 1570 1674 1570
1675 1329 1674 1329
1676 1576 1675 1576
1678 1459 1677 1459
1679 1368 1678 1368
1682 1346 1683 1345
1682 1561 1680 1560
1685 701 1685 701
1695 1547 1694 1548
1695 678 1695 677
1697 776 1696 775
1698 712 1698 711
1706 858 1705 858
1714 1548 1712 1547
1714 1876 1713 1877
1717 1358 1716 1357
1718 1802 1717 1802
1718 1821 1718 1822
1719 1354 1718 1353
1720 1531 1720 1532
1722 745 1722 744
1723 1926 1723 1926
1728 1159 1728 1159
1728 1200 1728 1200
1730 825 1729 825
1732 837 1732 837
1733 1206 1733 1204
1734 1379 1733 1379
1734 1668 1734 1667
1734 834 1734 833
1734 886 1734 886
1735 1581 1730 1587
1735 727 1735 726
1739 1796 1738 1796
1744 1357 1744 1357
1745 823 1746 821
1746 1785 1746 1784
1752 1366 1752 1365
1753 1649 1752 1648
1755 1089 1755 1089
1757 1215 1758 1214
1757 1789 1756 1789
1758 1092 1758 1091
1760 1359 1761 1358
1760 1622 1759 1622
1764 1214 1765 1213
1775 1533 1775 1533
1781 1213 1780 1213
1783 1169 1783 1169
1787 1552 1786 1552
1787 1579 1788 1579
1798 1536 1797 1536
1801 1222 1796 1220
1802 1550 1802 1550
1810 1550 1809 1550
1825 1483 1825 1483
1825 1521 1825 1521
1827 1195 1827 1195
1830 1539 1830 1536
1841 1484 1840 1484
1844 1470 1843 1469
1847 1931 1846 1931
1853 1399 1852 1397
1858 1602 1858 1602
1858 611 1858 610
1863 1177 1863 1175
1865 1675 1865 1677
1869 1609 1868 1609
1874 1376 1873 1377
1892 666 1892 666
1895 1895 1894 1894
1907 1030 1907 1030
1907 1217 1907 1217
1910 1010 1910 1009
1928 1541 1928 1540
1929 2021 1928 2021
1931 1883 1930 1883
1951 1095 1951 1095
1956 1869 1956 1869
1965 1154 1967 1155
1966 1834 1966 1834
1971 2006 1971 2010
1976 1304 1976 1303
1981 1420 1981 1420
1987 1940 1987 1940
1990 1305 1990 1304
1990 1924 1989 1924
1993 1932 1993 1931
1993 2006 1992 2009
1997 1854 1997 1854
2001 942 2002 942
2006 926 2006 925
2010 947 2010 946
2016 1619 2016 1620
2021 1578 2020 1578
2026 1490 2025 1490
2027 1017 2027 1016
2030 1563 2030 1563
2031 1009 2031 1008
2037 1598 2038 1598
2045 1628 2045 1628
2046 1731 2046 1731
2053 1713 2052 1713
2053 1904 2052 1904
2055 1587 2054 1587
2055 1730 2055 1730
2057 1381 2056 1380
2062 1365 2062 1365
2063 1375 2062 1374
2065 1223 2066 1223
2066 1604 2066 1603
2067 1355 2067 1354
2067 1999 2066 2003
2070 1032 2071 1031
2076 1599 2075 1599
2082 1731 2082 1731
2082 1757 2081 1756
2085 1612 2084 1611
2088 1554 2088 1553
2094 1367 2094 1367
2097 1550 2097 1549
2098 1372 2096 1372
2098 945 2098 944
2101 948 2101 947
2104 1366 2103 1366
2105 1139 2106 1138
2105 1627 2104 1628
2108 844 2109 843
2113 1591 2113 1591
2113 1783 2114 1784
2118 1602 2117 1601
2120 1332 2119 1330
2125 1582 2125 1582
2126 1482 2125 1482
2132 1336 2132 1335
2134 1076 2134 1074
2139 1453 2139 1453
2141 837 2142 835
2143 1642 2142 1642
2147 1568 2146 1568
2148 1464 2147 1464
2149 1398 2149 1397
2152 864 2151 865
2160 861 2159 860
2162 1701 2162 1701
2177 1707 2177 1707
2183 1991 2182 1991
2187 1335 2187 1335
2190 931 2189 931
2194 863 2194 862
2199 1715 2198 1716
2200 1079 2200 1078
2204 933 2205 933
2214 689 2215 688
2220 1763 2221 1763
2221 1201 2221 1200
2223 1039 2223 1039
2228 1392 2228 1392
2229 616 2230 615
2231 789 2231 788
2245 1407 2244 1407
2245 999 2246 998
2251 1506 2251 1506
2253 1050 2253 1050
2254 864 2254 863
2258 841 2258 840
2261 830 2261 830
2270 1163 2270 1163
2280 1852 2280 1852
2287 1923 2286 1924
2288 1914 2287 1914
2293 1456 2292 1456
2300 1296 2300 1296
2303 1315 2304 1315
2311 1335 2310 1334
2319 1113 2319 1113
2320 982 2320 981
2326 1530 2326 1530
2327 1106 2327 1106
2327 1582 2326 1581
2327 992 2327 991
2328 716 2328 716
2332 962 2332 961
2336 979 2336 978
2348 1589 2349 1589
2351 1699 2350 1699
2353 1266 2352 1265
2354 1458 2354 1457
2356 863 2357 862
2362 1566 2362 1565
2363 1347 2362 1347
2363 1452 2364 1452
2369 952 2369 952
2371 1354 2371 1353
2373 1412 2372 1412
2376 1330 2377 1329
2381 1336 2381 1335
2385 1451 2386 1451
2386 1323 2386 1322
2388 710 2388 709
2389 1514 2388 1514
2397 990 2397 988
2398 994 2399 993
2399 1090 2399 1089
2414 864 2415 863
2420 1366 2420 1365
2432 865 2431 865
2433 1380 2433 1380
2439 1324 2438 1324
2440 1393 2440 1393
2446 1333 2445 1333
2448 1844 2447 1843
2452 1089 2452 1088
2453 1105 2453 1104
2453 1192 2454 1192
2460 1675 2460 1675
2460 763 2460 762
2465 1335 2465 1335
2465 1710 2465 1709
2468 725 2469 724
2471 1509 2471 1508
2473 1099 2473 1099
2473 1743 2473 1746
2476 1405 2476 1405
2479 1305 2478 1308
2481 1133 2482 1131
2490 1037 2490 1034
2490 1564 2490 1564
2491 1653 2491 1653
2493 1092 2494 1091
2497 1798 2497 1797
2498 773 2498 772
2499 1783 2499 1782
2501 1100 2501 1099
2509 1316 2511 1315
2513 1322 2512 1321
2515 1565 2514 1565
2516 1573 2515 1574
2518 1326 2518 1325
2523 1087 2524 1086
2524 1036 2525 1033
2531 1154 2531 1154
2537 1095 2538 1094
2545 1413 2545 1413
2548 1057 2549 1056
2549 1078 2550 1077
2551 1305 2551 1305
2555 1111 2555 1110
2556 1064 2556 1064
2557 1092 2557 1090
2562 1062 2562 1061
2570 1081 2570 1081
2581 1587 2581 1586
2588 1588 2588 1588
2606 1053 2605 1052
2627 1419 2627 1419
2628 1414 2629 1416
2629 1036 2629 1035
2635 1356 2635 1355
2640 1401 2640 1401
2646 1323 2645 1322
2648 1330 2648 1329
2656 1579 2657 1578
2661 1199 2660 1199
2663 1033 2663 1032
2666 1324 2666 1324
2668 1417 2668 1417
2673 1479 2673 1479
2679 1494 2679 1493
2681 1418 2682 1418
2681 1627 2679 1627
2683 1492 2683 1491
2695 1417 2695 1416
2698 1928 2699 1929
2699 1839 2698 1839
2700 1318 2700 1317
2703 1359 2703 1359
2712 1884 2712 1884
2720 1870 2720 1870
2723 1433 2722 1433
2725 1763 2725 1762
2726 1763 2725 1762
2729 1908 2728 1908
2733 1746 2732 1746
2734 1841 2734 1841
2740 1845 2739 1847
2741 1547 2741 1547
2742 1774 2741 1774
2745 1757 2745 1757
2748 1806 2747 1806
2756 1592 2756 1592
2757 1795 2758 1795
2758 1604 2758 1603
2768 1568 2767 1568
2771 1772 2771 1773
2775 1480 2775 1479
2775 1523 2775 1524
2776 1217 2777 1217
2776 1506 2775 1507
2776 1558 2777 1556
2782 1287 2783 1287
2787 1416 2787 1415
2797 1297 2796 1297
2802 1412 2802 1413
2808 1397 2808 1397
2810 1829 2810 1829
2811 1854 2811 1854
2815 1906 2814 1906
2816 1885 2816 1884
2825 1848 2825 1848
2828 1905 2828 1905
2838 1836 2838 1836
2845 1582 2845 1581
2849 1307 2849 1305
2856 1581 2855 1580
2860 1525 2860 1525
2867 1301 2867 1300
2885 1536 2885 1535
2892 1659 2892 1660
2916 1511 2916 1511
2931 1418 2931 1418
2961 1918 2961 1918
3034 1413 3034 1413
3043 1409 3043 1408
3048 1445 3048 1446
3063 1784 3062 1784
3101 1635 3101 1637
3112 1513 3111 1512
3122 1520 3120 1520
3127 1301 3127 1300
3158 1361 3159 1360
3167 1714 3166 1714
3168 1360 3168 1359
3173 1705 3174 1705
3183 1486 3185 1486
3209 1396 3210 1396
3220 1315 3220 1315
3225 1331 3226 1331
3432 1892 3433 1892
3444 1530 3445 1529
3456 1381 3457 1381
3501 1535 3501 1536
3512 1392 3511 1392
3538 1342 3538 1342
3540 1224 3540 1224
3564 1449 3564 1448
3566 1611 3567 1611
3594 1645 3593 1645
3772 1054 3768 1051
