2894 1832 10 1866
2896 1256 13 1262
2901 1281 20 1289
2902 1342 20 1353
2903 1225 25 1230
2906 1326 23 1336
2906 1847 23 1883
2908 1356 27 1367
2908 1862 24 1897
2910 1381 29 1393
2911 1064 31 1061
2911 1298 28 1306
2911 1422 28 1437
2912 1320 29 1329
2913 1022 33 1016
2913 1416 31 1429
2915 1167 37 1169
2916 1762 35 1793
2916 1800 34 1833
2916 1877 33 1913
2917 1324 35 1334
2917 1820 34 1853
2918 1179 38 1181
2919 1078 41 1075
2919 1742 38 1772
2920 1085 41 1082
2920 1148 43 1150
2920 1806 37 1839
2920 1826 38 1859
2921 1157 41 1159
2923 1184 44 1187
2924 1069 47 1067
2924 1344 45 1355
2925 1107 47 1106
2926 1132 48 1133
2927 1113 48 1112
2928 1141 50 1142
2929 1730 48 1759
2931 1815 50 1847
2932 1643 52 1667
2932 1663 53 1690
2934 1021 56 1016
2934 1178 55 1181
2936 1831 57 1864
2937 1742 58 1771
2940 1789 61 1820
2942 1063 66 1060
2942 1503 63 1522
2942 1866 61 1902
2943 1047 66 1043
2944 1161 66 1163
2945 1802 64 1834
2945 1878 65 1913
2949 1135 72 1135
2949 1153 73 1154
2952 1346 77 1357
2955 1291 79 1298
2957 1636 80 1661
2957 1809 79 1841
2957 1853 78 1887
2957 1864 78 1899
2961 1096 88 1095
2964 1273 87 1280
2965 1248 88 1255
2967 1323 90 1332
2969 1863 90 1897
2969 990 97 983
2970 1429 94 1442
2972 1274 97 1280
2972 1872 95 1907
2975 1178 102 1181
2976 1137 100 1137
2976 1280 99 1288
2977 1517 101 1535
2978 1627 103 1652
2979 1117 106 1118
2979 1130 104 1131
2980 1430 104 1445
2980 1887 102 1923
2981 1531 103 1551
2982 1274 108 1280
2982 1855 106 1889
2983 1440 107 1456
2984 1603 109 1625
2992 1292 117 1299
2992 1540 117 1560
2992 1865 115 1899
2993 1647 117 1671
2996 1887 118 1922
3000 1526 125 1546
3000 1660 126 1685
3002 1573 127 1594
3004 1009 131 1005
3007 1557 133 1577
3007 1600 133 1622
3008 1396 135 1409
3010 1107 138 1107
3010 1138 139 1140
3012 1347 138 1357
3015 1665 142 1688
3016 1305 145 1313
3016 1409 142 1423
3016 1817 140 1848
3017 1365 145 1376
3017 1800 142 1830
3018 1162 148 1165
3018 1498 146 1516
3019 1363 145 1376
3022 1046 152 1044
3024 1511 150 1529
3025 1328 153 1338
3029 1031 164 1029
3030 1865 155 1897
3030 1867 156 1900
3032 1812 158 1842
3033 1507 161 1525
3034 1881 159 1914
3035 1305 163 1314
3035 1316 163 1326
3036 1129 166 1131
3036 1729 163 1756
3038 1138 167 1140
3042 1723 169 1750
3042 1733 169 1760
3043 1775 170 1803
3045 1255 174 1262
3045 1379 173 1392
3046 1265 174 1272
3047 1352 176 1362
3048 1822 175 1852
3049 1172 178 1175
3049 1740 177 1767
3052 1344 181 1356
3053 1324 182 1334
3053 1864 181 1896
3054 1332 184 1342
3054 1769 182 1797
3054 1797 181 1827
3055 1072 186 1071
3055 1829 182 1859
3057 1109 187 1110
3057 1310 187 1319
3059 1899 188 1932
3061 1011 192 1008
3061 1339 192 1350
3061 1787 189 1816
3062 1249 192 1255
3063 1820 191 1850
3064 1116 196 1118
3064 1885 192 1917
3067 1776 197 1804
3068 1015 200 1013
3068 1172 200 1175
3068 1806 196 1835
3070 1383 201 1395
3071 1021 205 1019
3072 1778 200 1806
3073 1187 206 1191
3074 1773 201 1801
3075 1131 209 1132
3076 1140 207 1143
3076 1742 205 1768
3077 1806 205 1834
3078 1109 209 1110
3079 1130 211 1132
3079 1182 210 1185
3079 1249 210 1256
3079 1524 211 1542
3079 1612 210 1634
3080 1396 214 1408
3081 1847 212 1878
3082 1134 214 1137
3082 1403 214 1416
3082 1612 213 1637
3086 1178 218 1182
3087 1018 221 1016
3087 1411 218 1423
3087 1775 217 1802
3087 995 222 992
3088 1794 217 1822
3089 1630 221 1653
3089 1816 218 1845
3090 1766 219 1794
3090 1859 218 1892
3093 1606 225 1626
3095 1515 226 1532
3097 1126 230 1129
3097 1406 229 1419
3098 1085 232 1086
3100 1148 233 1151
3100 1867 230 1899
3101 1160 234 1163
3101 1519 233 1537
3101 1636 234 1658
3102 1373 237 1384
3103 1200 237 1207
3105 1155 238 1158
3106 1159 239 1162
3106 1425 239 1439
3108 1492 239 1511
3109 1176 245 1181
3109 1887 240 1918
3110 1415 243 1429
3111 1149 245 1153
3112 1124 246 1127
3112 1257 245 1265
3114 1035 252 1034
3114 1270 247 1277
3115 1137 249 1141
3116 1128 250 1131
3117 1500 249 1516
3118 1128 253 1134
3119 1625 248 1648
3120 1134 255 1139
3120 1739 253 1763
3120 1845 252 1874
3122 1147 255 1149
3122 1895 253 1926
3127 1057 264 1057
3127 1128 262 1131
3127 1705 262 1729
3129 1499 261 1516
3130 1144 265 1147
3132 1153 270 1157
3133 1034 271 1033
3133 1079 270 1080
3133 1824 265 1851
3134 1068 271 1070
3134 1373 268 1385
3134 1721 268 1748
3134 1742 266 1766
3134 1839 266 1868
3135 1816 266 1843
3139 1019 275 1019
3139 1711 271 1734
3140 1268 276 1277
3141 1556 274 1573
3144 1087 279 1089
3145 1278 279 1289
3145 1608 276 1629
3147 1071 281 1073
3147 1275 282 1283
3147 1410 282 1423
3147 1562 281 1580
3147 1708 280 1732
3150 1242 285 1249
3150 1552 284 1569
3151 1629 283 1649
3151 1698 286 1722
3151 1719 285 1742
3152 1520 286 1537
3153 1374 289 1385
3153 1556 288 1574
3155 1269 291 1278
3155 1538 290 1555
3155 1572 289 1591
3155 1724 288 1748
3156 1093 293 1095
3156 1684 288 1706
3158 1565 292 1582
3158 1596 292 1616
3158 1859 291 1887
3159 1690 293 1713
3159 1877 291 1907
3160 1622 294 1642
3160 1770 292 1796
3162 1033 299 1032
3162 1081 299 1082
3162 1901 297 1931
3163 1699 299 1722
3163 1867 297 1896
3166 1050 304 1050
3166 1711 301 1734
3167 1069 304 1071
3167 1714 301 1738
3169 1811 303 1838
3169 1863 302 1891
3171 1691 305 1714
3172 1281 309 1289
3173 1873 306 1902
3175 1534 311 1551
3176 1788 310 1814
3177 1275 313 1283
3178 1077 316 1079
3178 1621 313 1641
3178 1806 313 1833
3179 1087 315 1089
3179 1763 314 1788
3180 1858 314 1886
3182 1104 320 1107
3184 1887 317 1916
3186 1701 323 1724
3189 1088 327 1090
3189 1131 327 1134
3189 1739 324 1763
3190 1724 326 1747
3190 1903 324 1933
3192 1069 328 1070
3192 1586 326 1604
3192 1598 328 1616
3193 1620 328 1640
3194 1756 328 1780
3195 1049 335 1050
3196 1065 335 1067
3196 1127 335 1131
3196 1573 330 1591
3196 1778 330 1805
3200 1723 336 1746
3201 1504 336 1521
3201 1577 338 1596
3203 1150 344 1156
3205 1607 341 1625
3207 1136 345 1139
3208 1826 343 1852
3209 1619 345 1639
3209 1883 341 1912
3210 1548 346 1565
3212 1701 347 1723
3213 1558 350 1577
3213 1711 349 1733
3214 1094 352 1096
3215 1169 356 1175
3215 1375 354 1386
3215 1797 350 1822
3217 1006 359 1007
3217 1082 357 1084
3218 1487 358 1501
3218 1722 356 1744
3219 1261 359 1269
3220 1486 358 1501
3220 1535 358 1552
3220 1837 356 1863
3221 1161 362 1167
3222 1095 361 1098
3222 1162 362 1167
3222 1777 358 1801
3223 1135 362 1140
3224 1694 360 1716
3224 1859 360 1887
3225 1130 363 1134
3226 1687 361 1708
3226 1903 362 1932
3228 1071 368 1074
3231 1152 370 1157
3232 1136 372 1140
3233 1612 371 1631
3234 1775 372 1800
3237 1490 375 1507
3238 1048 378 1050
3238 1383 378 1394
3238 1764 374 1788
3240 1506 377 1522
3241 1889 377 1918
3242 1830 378 1855
3242 1866 378 1893
3244 1469 381 1483
3246 1496 384 1511
3247 1807 383 1831
3248 1746 385 1769
3248 1876 384 1904
3250 1894 387 1921
3251 1145 391 1149
3251 1183 392 1190
3251 1501 390 1515
3251 1741 386 1763
3252 1621 389 1641
3252 1761 388 1785
3253 1627 390 1647
3255 1674 394 1694
3256 1049 397 1051
3259 1603 397 1621
3259 1714 398 1736
3259 1808 396 1832
3262 1638 397 1657
3262 1789 399 1813
3262 980 406 979
3263 1144 404 1149
3265 1698 404 1719
3266 1189 407 1196
3266 1207 408 1215
3267 1634 404 1653
3268 1754 406 1776
3269 1393 409 1405
3269 1704 408 1727
3271 1161 412 1166
3273 1474 412 1489
3273 1695 412 1716
3276 1329 413 1340
3276 1794 416 1816
3277 1705 415 1726
3277 1763 415 1786
3279 1236 420 1244
3281 1661 417 1679
3282 1058 425 1061
3283 1410 422 1422
3284 1087 423 1095
3284 1319 424 1329
3284 1610 423 1630
3284 1725 424 1747
3287 1741 426 1763
3287 1772 426 1794
3290 1718 429 1740
3291 1712 430 1733
3291 1860 429 1885
3292 1342 433 1352
3293 1267 432 1276
3293 1919 431 1946
3294 1802 432 1826
3294 1841 433 1865
3295 1637 433 1656
3296 1264 437 1272
3296 1751 436 1774
3297 1375 434 1389
3299 1235 441 1243
3299 1313 440 1324
3299 1347 440 1357
3300 1887 439 1913
3301 1402 442 1414
3302 1893 441 1920
3303 1323 443 1333
3307 1358 449 1370
3308 1389 450 1400
3308 1735 448 1757
3309 1265 451 1274
3310 1630 449 1647
3311 1256 452 1264
3312 1981 450 2009
3313 1787 453 1810
3313 1892 449 1918
3314 1620 451 1639
3315 1799 455 1822
3317 1574 456 1590
3319 1596 459 1614
3320 1764 460 1786
3322 1867 462 1893
3325 1058 465 1064
3326 1124 471 1129
3327 1435 467 1449
3327 1574 467 1591
3328 1559 468 1575
3328 1758 464 1779
3329 1757 469 1778
3330 1134 474 1138
3330 1902 469 1929
3331 1547 471 1564
3331 1692 469 1712
3331 1832 471 1855
3332 1777 471 1799
3333 1887 471 1912
3334 1488 475 1504
3335 1553 476 1570
3335 1810 473 1833
3336 1054 479 1058
3336 1123 480 1127
3336 1538 476 1554
3337 1133 480 1137
3338 1765 478 1787
3339 1153 484 1159
3339 1547 479 1563
3339 1558 479 1574
3340 1703 480 1723
3341 1070 485 1074
3341 1091 484 1096
3341 1129 484 1134
3342 1859 481 1884
3343 1100 488 1104
3343 1165 486 1172
3343 1455 485 1470
3343 1456 485 1470
3346 1286 489 1295
3347 1197 489 1203
3347 1470 488 1483
3348 1841 488 1864
3349 1161 492 1167
3350 1809 490 1831
3351 1107 494 1112
3351 1405 493 1417
3351 1802 489 1825
3353 1100 497 1105
3353 1219 496 1227
3353 1238 496 1247
3353 1551 494 1567
3353 1565 494 1581
3353 1609 494 1627
3354 1140 496 1145
3354 1205 496 1213
3354 1227 499 1235
3354 1824 494 1847
3355 1800 496 1823
3360 1043 504 1047
3360 1258 502 1267
3360 1271 501 1279
3360 2003 497 2028
3360 985 507 987
3362 1401 504 1413
3363 1192 503 1200
3363 1566 504 1582
3366 1082 513 1086
3367 1188 510 1194
3368 1122 511 1127
3369 1062 514 1066
3369 1610 511 1628
3372 1282 515 1291
3372 1526 513 1541
3373 1560 515 1576
3373 1575 515 1592
3375 1017 518 1021
3375 1077 519 1081
3375 1210 518 1219
3375 1415 517 1428
3376 1222 518 1229
3376 1239 519 1248
3376 1266 520 1275
3376 1401 519 1413
3376 1544 516 1560
3377 1163 522 1169
3377 1479 519 1492
3378 1280 520 1289
3378 1738 517 1758
3379 1082 523 1087
3380 1133 524 1139
3381 1631 521 1648
3383 1698 523 1717
3384 1122 527 1127
3385 1893 526 1916
3387 1129 531 1134
3389 1296 533 1305
3390 1165 534 1171
3390 1714 532 1733
3391 1149 537 1155
3391 1857 532 1880
3393 1102 538 1107
3396 1023 540 1028
3396 1120 540 1127
3398 1802 539 1822
3399 1093 544 1099
3399 1798 539 1819
3400 1896 538 1921
3401 1029 545 1033
3402 1720 541 1740
3402 1879 543 1902
3403 1712 543 1731
3404 1629 547 1646
3405 1035 551 1039
3409 1062 553 1067
3409 1296 551 1305
3409 1305 552 1316
3409 1391 552 1403
3409 1477 549 1493
3411 1622 553 1639
3412 1066 556 1070
3413 1418 556 1429
3418 1712 559 1731
3419 1327 563 1338
3420 1266 562 1275
3420 1400 564 1412
3421 1063 565 1068
3421 1340 564 1350
3424 1260 567 1269
3424 1380 569 1393
3425 1415 569 1431
3427 1633 569 1649
3428 1071 572 1076
3429 1452 572 1464
3430 1459 573 1472
3433 1120 572 1125
3433 1257 576 1266
3438 1353 581 1364
3439 1320 582 1330
3441 1841 583 1863
3443 1703 584 1721
3445 1493 588 1506
3446 1018 591 1022
3446 1450 587 1462
3447 1197 592 1204
3448 984 595 987
3449 1347 593 1357
3449 1708 591 1726
3450 1192 597 1199
3450 1335 593 1346
3452 1623 594 1639
3453 1483 596 1496
3454 1512 598 1524
3454 1876 595 1897
3458 993 605 996
3459 1018 605 1022
3460 1708 600 1726
3460 1724 601 1743
3462 1884 603 1906
3464 1503 606 1517
3464 1747 604 1765
3465 1068 609 1073
3467 1697 609 1714
3468 1024 614 1029
3469 1355 614 1365
3470 1899 612 1921
3471 1523 614 1538
3472 1742 614 1760
3474 1493 615 1507
3474 1627 615 1643
3475 1888 617 1909
3478 1531 619 1546
3478 1634 620 1651
3478 1868 620 1888
3479 1070 624 1075
3480 1482 623 1495
3480 1541 623 1556
3483 1170 628 1177
3483 1851 624 1872
3484 1862 625 1882
3484 982 633 986
3485 1175 628 1182
3485 1559 627 1574
3485 1910 624 1933
3486 1872 628 1892
3488 1063 633 1068
3488 1618 631 1633
3488 1624 629 1640
3489 1881 630 1901
3490 1530 632 1545
3491 1977 628 2000
3493 1845 634 1864
3493 1850 634 1869
3494 1835 634 1853
3494 1862 636 1882
3497 1752 638 1770
3498 1583 640 1599
3499 1081 643 1088
3499 1746 640 1763
3500 1739 641 1757
3501 1098 647 1104
3501 1384 642 1396
3502 1175 645 1186
3503 1135 647 1142
3504 1158 649 1166
3504 1633 645 1649
3504 1881 644 1902
3506 1128 652 1135
3506 1603 648 1620
3506 1842 648 1861
3507 1833 648 1852
3509 1573 651 1587
3509 1733 649 1750
3509 1878 651 1898
3510 1715 651 1732
3510 1746 650 1763
3510 1874 651 1893
3511 1509 654 1522
3512 1529 653 1544
3515 1702 659 1718
3515 1857 655 1876
3516 1596 657 1611
3518 1878 658 1897
3519 1113 663 1120
3519 1409 661 1420
3519 1611 661 1626
3519 1722 659 1739
3521 1099 665 1106
3522 1402 666 1413
3522 1874 663 1893
3524 1600 666 1615
3525 1835 666 1855
3526 1754 667 1771
3527 1571 669 1586
3528 1731 668 1748
3529 1863 670 1882
3530 1159 674 1167
3533 1538 676 1552
3538 1425 680 1436
3538 1888 679 1907
3539 1877 680 1895
3540 1164 683 1173
3543 1135 686 1143
3543 1903 683 1922
3544 1157 688 1165
3544 1615 684 1630
3547 1580 688 1594
3550 1267 694 1277
3551 1591 692 1606
3551 1854 694 1873
3552 1417 696 1429
3552 1796 693 1813
3555 1687 696 1703
3556 1581 698 1594
3557 1158 701 1167
3558 1311 702 1320
3562 1620 703 1635
3563 1174 708 1183
3565 1288 709 1298
3569 1156 712 1167
3569 1435 712 1446
3571 1168 714 1176
3571 1173 714 1182
3572 1180 715 1188
3572 1871 714 1889
3573 1777 714 1794
3573 1880 714 1899
3575 1914 716 1930
3576 1294 718 1304
3576 1782 716 1799
3577 1896 718 1912
3579 1135 723 1143
3580 1429 722 1441
3581 1115 724 1122
3581 1711 723 1726
3584 1626 724 1641
3585 1123 729 1131
3586 1607 729 1621
3587 1868 728 1887
3587 1910 729 1927
3588 1189 732 1198
3588 1573 731 1586
3589 997 735 1004
3590 1175 733 1184
3591 1596 732 1610
3592 1045 737 1053
3594 1724 734 1738
3599 1130 741 1137
3599 1926 742 1943
3600 1655 741 1669
3601 998 746 1005
3602 1123 747 1131
3603 1564 743 1578
3603 1705 743 1721
3604 1723 745 1740
3608 1266 753 1276
3609 1742 750 1759
3611 1909 751 1926
3613 1136 757 1144
3615 1233 760 1243
3616 1165 759 1174
3616 1582 757 1596
3616 1755 757 1771
3618 1705 759 1720
3619 1919 760 1936
3620 1238 763 1247
3621 1768 762 1784
3621 1902 761 1918
3622 1470 763 1482
3623 1577 763 1591
3623 1619 764 1633
3627 1791 767 1807
3628 1038 767 1045
3629 1820 769 1834
3630 1494 771 1506
3630 1878 770 1895
3632 1866 773 1882
3632 1903 773 1919
3633 1226 775 1236
3634 1702 774 1716
3635 1761 776 1776
3636 1259 778 1269
3636 1894 775 1911
3637 1208 778 1219
3638 1482 780 1495
3639 1048 784 1055
3640 1025 784 1032
3640 983 784 991
3641 1031 786 1039
3642 1470 785 1482
3643 1063 788 1071
3645 1239 788 1250
3645 1498 786 1511
3645 1793 783 1809
3646 1048 789 1056
3647 1909 786 1925
3649 1257 791 1268
3649 1543 785 1558
3650 1032 794 1040
3651 1273 793 1283
3652 1619 792 1633
3653 1715 794 1730
3654 1078 797 1087
3654 1332 796 1345
3654 1918 792 1936
3655 1226 798 1236
3655 1522 797 1534
3655 1914 792 1932
3657 1216 799 1225
3658 1478 800 1490
3658 1705 799 1721
3660 1134 803 1143
3661 1232 801 1241
3661 1394 801 1408
3662 1205 804 1215
3662 1315 803 1325
3663 1158 807 1167
3663 1927 803 1942
3664 1122 807 1131
3664 1140 807 1148
3664 1856 802 1871
3665 1011 810 1018
3665 1539 806 1551
3666 1521 806 1534
3667 1100 809 1109
3667 1171 809 1181
3667 1861 805 1877
3669 1457 808 1469
3670 1226 811 1236
3670 1273 812 1283
3670 1327 811 1338
3672 1135 814 1144
3672 1618 811 1630
3675 1113 817 1123
3675 1290 816 1300
3677 1364 818 1375
3680 1456 820 1468
3681 1388 823 1400
3684 1225 824 1236
3684 1258 826 1268
3684 1449 825 1461
3684 1489 824 1501
3685 1298 826 1309
3688 1378 829 1389
3688 1882 826 1897
3696 1219 838 1229
3696 1309 836 1319
3700 1054 843 1062
3700 1378 841 1389
3701 1049 844 1058
3701 1878 837 1891
3702 1501 843 1514
3703 1083 845 1092
3704 1069 846 1078
3704 985 848 994
3705 1608 844 1620
3707 993 851 1002
3708 1036 850 1045
3710 1227 851 1236
3710 1548 850 1560
3711 1074 852 1084
3711 1083 853 1092
3711 1234 852 1244
3712 1030 854 1039
3714 1528 853 1540
3715 1367 856 1377
3717 1706 854 1721
3718 1213 859 1223
3718 1619 856 1631
3718 984 862 993
3719 1464 859 1475
3719 1512 857 1523
3720 1158 863 1167
3720 1358 860 1369
3722 978 865 987
3725 1363 865 1374
3726 1030 868 1039
3727 1085 868 1094
3727 1192 869 1202
3727 1418 867 1429
3729 1548 869 1560
3730 1509 869 1521
3731 1061 872 1070
3731 975 875 983
3732 1078 873 1088
3732 1172 873 1182
3732 1236 873 1247
3732 1245 874 1256
3735 1107 877 1117
3736 1019 878 1028
3736 1029 877 1039
3738 1118 877 1127
3738 1288 877 1298
3739 1464 878 1475
3739 1658 877 1670
3740 1065 881 1074
3743 1017 885 1025
3744 1078 884 1088
3744 1100 885 1110
3744 1123 885 1133
3744 1523 882 1534
3745 1921 880 1936
3749 1062 890 1071
3749 1194 890 1204
3749 1510 887 1521
3750 1859 887 1873
3752 1107 894 1117
3753 1500 890 1511
3755 1207 895 1218
3756 1717 892 1729
3757 1870 894 1883
3758 1099 899 1109
3758 1458 896 1469
3759 1494 896 1506
3759 1894 895 1908
3761 1220 899 1230
3763 1334 902 1345
3764 1081 904 1091
3764 1509 901 1520
3764 982 906 991
3765 1428 903 1440
3766 1230 904 1240
3766 1877 903 1890
3767 1603 902 1615
3767 1837 904 1849
3768 1521 904 1532
3769 1198 909 1208
3770 1871 906 1883
3771 983 913 992
3771 989 912 999
3772 1726 908 1738
3772 1846 907 1860
3773 1428 910 1440
3775 1344 913 1355
3776 1114 916 1125
3776 1334 914 1345
3776 1859 911 1871
3777 1908 913 1920
3778 1205 916 1215
3780 1012 923 1023
3780 1510 916 1521
3781 1515 917 1527
3782 1100 922 1110
3782 1501 918 1512
3784 1255 924 1266
3784 1429 922 1440
3784 1503 920 1515
3786 1144 925 1155
3786 1911 921 1923
3787 1662 922 1675
3788 1231 927 1241
3791 1899 926 1911
3791 1924 927 1937
3792 1028 932 1038
3792 1429 929 1440
3793 1288 931 1299
3793 1440 930 1452
3797 1036 937 1045
3798 1230 936 1240
3799 1620 934 1631
3802 1148 940 1157
3803 1047 943 1057
3803 1125 943 1135
3804 1902 939 1914
3805 1782 942 1794
3805 1890 938 1902
3808 1022 946 1033
3808 1334 946 1345
3809 1035 948 1045
3809 1131 948 1142
3809 1416 946 1427
3809 1612 943 1624
3813 1472 950 1483
3813 1645 948 1657
3814 1919 948 1931
3815 1500 950 1511
3815 1728 949 1740
3816 1063 955 1074
3817 1846 950 1858
3818 1146 957 1158
3818 1912 951 1923
3819 1049 958 1059
3819 1601 954 1612
3820 1035 959 1047
3822 1089 962 1100
3823 1028 961 1039
3824 1723 958 1734
3824 1903 956 1913
3825 1255 962 1266
3825 1907 957 1918
3828 1885 962 1897
3829 1057 967 1068
3830 1338 967 1350
3830 1897 961 1909
3832 1087 970 1098
3832 1429 968 1440
3833 1592 967 1602
3834 1548 968 1559
3834 1892 967 1903
3835 1703 968 1714
3835 1908 968 1919
3840 1034 978 1045
3842 1915 976 1926
3843 1349 979 1360
3843 1922 975 1933
3843 983 981 994
3844 1491 979 1502
3845 1333 981 1344
3845 1521 979 1533
3847 1039 985 1050
3849 1101 988 1111
3850 1074 989 1086
3850 1608 981 1619
3851 1425 982 1436
3851 1631 985 1642
3853 1783 987 1793
3854 1922 985 1935
3856 1135 993 1146
3857 1717 989 1728
3859 1001 996 1013
3859 1722 990 1734
3859 1807 991 1816
3861 1256 996 1268
3861 1560 995 1572
3861 1724 992 1736
3864 1272 998 1284
3864 1602 999 1612
3866 1146 1001 1157
3867 1040 1005 1051
3867 1168 1003 1179
3867 1707 998 1718
3871 1785 1002 1795
3873 1138 1008 1149
3873 1566 1008 1576
3875 1693 1008 1705
3879 1693 1011 1703
3880 1625 1012 1635
3881 1484 1014 1495
3882 1379 1016 1389
3884 1621 1016 1632
3885 1690 1017 1699
3890 1714 1022 1723
3890 1742 1021 1752
3891 1054 1027 1064
3892 1337 1026 1347
3892 1729 1023 1739
3893 1736 1024 1746
3894 1632 1026 1642
3895 1622 1026 1632
3895 1803 1024 1813
3896 1344 1029 1355
3898 1065 1033 1078
3901 1459 1032 1470
3903 1119 1038 1131
3903 1804 1032 1814
3904 1365 1036 1375
3904 1642 1034 1652
3905 1255 1036 1266
3905 1340 1036 1351
3905 1479 1036 1490
3906 1049 1040 1061
3906 1901 1036 1910
3908 1636 1040 1646
3911 1381 1044 1391
3911 1783 1041 1792
3912 1394 1044 1405
3912 1795 1042 1805
3913 1357 1045 1368
3915 1891 1044 1900
3917 975 1055 986
3918 1063 1052 1075
3919 1058 1053 1070
3920 1431 1051 1441
3921 1739 1051 1747
3923 1381 1055 1391
3926 1894 1055 1902
